Name,Fulladdress,Street,Municipality,Categories,Phone,Phones,Claimed,Review Count,Average Rating,Review URL,Google Maps URL,Latitude,Longitude,Website,Domain,Opening hours,Featured image,Cid,Place Id,Kgmid,Plus code,Google Knowledge URL,Email,Social Medias,Facebook,Instagram,Twitter,Yelp
Carwash Nightclub,"109 Kingsway, London WC2B 6PP, Великобритания",109 Kingsway,London,"Ночной клуб,Бар,Ресторан поздних завтраков,Коктейль-бар,Ресторан",+44 20 4558 7944,"020 4558 7944, +44 20 4558 7944",YES,1414,4.6,https://search.google.com/local/reviews?placeid=ChIJS3rh1Aeo2EcRCRN4oCIUYLQ&q=London+night+club&authuser=0&hl=ru&gl=FR,https://www.google.com/maps?cid=12997410663544918793,51.5166207,-0.12037199999999999,http://carwash.co.uk/,carwash.co.uk,"среда:[Закрыто], четверг:[Закрыто], пятница:[21:00–02:00], суббота:[12:00–16:00], воскресенье:[Закрыто], понедельник:[Закрыто], вторник:[Закрыто]",https://lh5.googleusercontent.com/p/AF1QipPOg1Bi9hh7WWXPtxG4zX2mAkHOoGAK9g7IUEBZ=w134-h92-k-no,12997410663544918793,ChIJS3rh1Aeo2EcRCRN4oCIUYLQ,/g/11ckscw02h,9C3XGV8H+JV,https://www.google.com/search?kgmid=/g/11ckscw02h,"hello@carwash.co.uk,complaints@carwash.co.uk","{""facebook"":""https://www.facebook.com/carwashlondon"",""twitter"":""https://twitter.com/carwashlondon"",""instagram"":""httpss://help.instagram.com/519522125107875?helpref=page_content"",""tiktok"":""https://www.tiktok.com/@carwashnightclub"",""youtube"":""https://www.youtube.com/t/privacy_at_youtube"",""pinterest"":""https://www.pinterest.co.uk/carwashlondon/""}",https://www.facebook.com/carwashlondon,httpss://help.instagram.com/519522125107875?helpref=page_content,https://twitter.com/carwashlondon,
fabric London,"77A Charterhouse St, London EC1M 6HJ, Великобритания",77A Charterhouse St,London,"Ночной клуб,Бар,Диско-клуб,Место проведения мероприятий",+44 20 7336 8898,"020 7336 8898, +44 20 7336 8898",YES,2405,3.7,https://search.google.com/local/reviews?placeid=ChIJ23ztzVMbdkgR2PT2FFPOOmc&q=London+night+club&authuser=0&hl=ru&gl=FR,https://www.google.com/maps?cid=7438484590785131736,51.5195807,-0.1024841,https://www.fabriclondon.com/,fabriclondon.com,"среда:[10:00–17:00], четверг:[10:00–17:00], пятница:[23:00–00:00], суббота:[00:00–06:00], воскресенье:[00:00–07:00], понедельник:[00:00–04:00], вторник:[10:00–17:00]",https://lh5.googleusercontent.com/p/AF1QipN44RK4NSQQ9QTiA9eT5_WsIPUws32gC3gw6yK8=w80-h100-k-no,7438484590785131736,ChIJ23ztzVMbdkgR2PT2FFPOOmc,/m/079l_p,9C3XGV9X+R2,https://www.google.com/search?kgmid=/m/079l_p,"info@fabriclondon.com,safer-spaces@fabriclondon.com,events@fabriclondon.com","{""facebook"":""https://www.facebook.com/fabriclondon"",""instagram"":""https://www.instagram.com/fabriclondonofficial"",""twitter"":""https://twitter.com/fabriclondon"",""youtube"":""https://www.youtube.com/user/fabriclondon"",""tiktok"":""https://www.tiktok.com/@fabric.london"",""yelp"":""https://www.yelp.com/biz/fabric-london-2""}",https://www.facebook.com/fabriclondon,https://www.instagram.com/fabriclondonofficial,https://twitter.com/fabriclondon,https://www.yelp.com/biz/fabric-london-2
London top Nightclubs (Guestlist & table booking),"1 Dover St, London W1S 4LD, Великобритания",1 Dover St,London,Ночной клуб,+44 7508 300364,"07508 300364, +44 7508 300364",YES,134,4.7,https://search.google.com/local/reviews?placeid=ChIJu3XJO0dMgqcRX1jhlKpc8OA&q=London+night+club&authuser=0&hl=ru&gl=FR,https://www.google.com/maps?cid=16208556946618407007,51.5077508,-0.1412337,,,"среда:[09:00–03:00], четверг:[09:00–03:30], пятница:[09:00–03:00], суббота:[09:00–03:00], воскресенье:[09:00–03:00], понедельник:[Закрыто], вторник:[Закрыто]",https://lh5.googleusercontent.com/p/AF1QipO0sIm0rg2YOEh-Kfw-5KVCNIkpPJkvJV5mHCYB=w156-h92-k-no,16208556946618407007,ChIJu3XJO0dMgqcRX1jhlKpc8OA,/g/11sqddc4xl,9C3XGV55+4G,https://www.google.com/search?kgmid=/g/11sqddc4xl,,,,,,
XOYO LONDON,"32-37 Cowper St, London EC2A 4AP, Великобритания",32-37 Cowper St,London,"Ночной клуб,Бар,Клуб,Коктейль-бар,Организация праздников и мероприятий,Место проведения мероприятий,Центр переговоров и мероприятий,Концертная площадка,Организатор праздников,Паб",KgfkZ-3eJcSmkdUP3uX6-A0,,YES,1631,3.3,https://search.google.com/local/reviews?placeid=ChIJiQ6ffa8cdkgR1ZQx7YVWik8&q=London+night+club&authuser=0&hl=ru&gl=FR,https://www.google.com/maps?cid=5731488608992466133,51.5254634,-0.0857349,https://xoyo.co.uk/?utm_source=google&utm_medium=organic&utm_campaign=Google%20My%20Business%20Page,xoyo.co.uk,"среда:[22:00–03:00], четверг:[22:00–03:00], пятница:[21:30–04:00], суббота:[21:30–04:00], воскресенье:[Закрыто], понедельник:[22:00–03:00], вторник:[22:00–03:00]",https://lh5.googleusercontent.com/p/AF1QipMe9O5vvjRSeIDS9ER-Bt1-sTlGA8NCqWmHdDLT=w137-h92-k-no,5731488608992466133,ChIJiQ6ffa8cdkgR1ZQx7YVWik8,/m/0k0t7jj,9C3XGWG7+5P,https://www.google.com/search?kgmid=/m/0k0t7jj,"xoyo@tegvenues.com,Legal@TEGEurope.com,xoyolondon@tegvenues.com,claire.sutton@tegvenues.com,jamie.reddick@TEGVenues.com,press@tegvenues.com,claire.sutton@tevenues.com,marketing@tegeurope.com,data@tegeurope.com","{""facebook"":""https://www.facebook.com/mailchimp/"",""twitter"":""https://x.com/mailchimp"",""instagram"":""https://www.instagram.com/mailchimp/"",""linkedin"":""https://www.linkedin.com/company/mailchimp"",""youtube"":""https://www.youtube.com/user/mailchimp"",""pinterest"":""https://www.pinterest.com/mailchimp/"",""yelp"":""https://www.yelp.com/biz/xoyo-london""}",https://www.facebook.com/mailchimp/,https://www.instagram.com/mailchimp/,https://x.com/mailchimp,https://www.yelp.com/biz/xoyo-london
Egg London Nightclub,"5-13 Vale Royal, London N7 9AP, Великобритания",5-13 Vale Royal,London,"Ночной клуб,Бар,Место проведения мероприятий,Концертная площадка",KgfkZ-3eJcSmkdUP3uX6-A0,,YES,2147,3.4,https://search.google.com/local/reviews?placeid=ChIJ2Xe4MBEbdkgRXvgrGYkgZb4&q=London+night+club&authuser=0&hl=ru&gl=FR,https://www.google.com/maps?cid=13719407613059004510,51.5418892,-0.1245245,https://www.egglondon.co.uk/,egglondon.co.uk,"среда:[22:30–00:00], четверг:[00:00–04:00], пятница:[23:00–00:00], суббота:[00:00–06:00], воскресенье:[00:00–07:00], понедельник:[Закрыто], вторник:[Закрыто]",https://lh5.googleusercontent.com/p/AF1QipOiV714lv35vxPuMGGhhZozUNOhSypiN1Ar_VaG=w138-h92-k-no,13719407613059004510,ChIJ2Xe4MBEbdkgRXvgrGYkgZb4,/g/11f3w6t9vp,9C3XGVRG+Q5,https://www.google.com/search?kgmid=/g/11f3w6t9vp,"info@egglondon.co.uk,lostandfound@egglondon.co.uk","{""facebook"":""https://www.facebook.com/eggnightclub"",""twitter"":""https://twitter.com/themes_ancora"",""instagram"":""https://www.instagram.com/reel/dgv_ilinlkb/""}",https://www.facebook.com/eggnightclub,https://www.instagram.com/reel/dgv_ilinlkb/,https://twitter.com/themes_ancora,
Heaven,"9, The Arches, Villiers St, London WC2N 6NG, Великобритания",9,"The Arches, Villiers St","Гей- и лесби-клуб,Ночной клуб",+44 20 7930 2020,"020 7930 2020, +44 20 7930 2020",YES,1667,3,https://search.google.com/local/reviews?placeid=ChIJDVBtxs4EdkgRrFuVtkDtSP0&q=London+night+club&authuser=0&hl=ru&gl=FR,https://www.google.com/maps?cid=18251098352115866540,51.508129,-0.12403499999999999,https://g-a-yandheaven.co.uk/,g-a-yandheaven.co.uk,"среда:[23:00–04:00], четверг:[22:00–04:00], пятница:[22:00–04:00], суббота:[22:00–05:00], воскресенье:[22:00–04:00], понедельник:[22:00–04:00], вторник:[Закрыто]",https://lh5.googleusercontent.com/p/AF1QipP-2z63Bby5uPkfp1FHs-gH4abFm4MmRtWNZXhU=w122-h92-k-no,18251098352115866540,ChIJDVBtxs4EdkgRrFuVtkDtSP0,/m/0cdpd0,9C3XGV5G+79,https://www.google.com/search?kgmid=/m/0cdpd0,privacy@g-a-y.co.uk,"{""facebook"":""https://www.facebook.com/g-a-y-heaven-nightclub-148376865200372"",""instagram"":""https://instagram.com/heavenlgbtclub/"",""youtube"":""https://www.youtube.com/watch?v=5qs0ycuxsfs"",""twitter"":""https://twitter.com/personalization"",""yelp"":""https://www.yelp.com/biz/heaven-london""}",https://www.facebook.com/g-a-y-heaven-nightclub-148376865200372,https://instagram.com/heavenlgbtclub/,https://twitter.com/personalization,https://www.yelp.com/biz/heaven-london
Fire & Lightbox,"39 Parry St, London SW8 1RT, Великобритания",39 Parry St,London,Ночной клуб,KgfkZ-3eJcSmkdUP3uX6-A0,,NO,207,4.4,https://search.google.com/local/reviews?placeid=ChIJqci3E-4EdkgRzB3zKMIyw5M&q=London+night+club&authuser=0&hl=ru&gl=FR,https://www.google.com/maps?cid=10647409753526050252,51.4848594,-0.1236264,https://www.lightboxlondon.net/,lightboxlondon.net,,,10647409753526050252,ChIJqci3E-4EdkgRzB3zKMIyw5M,/g/11qg972hzy,9C3XFVMG+WG,https://www.google.com/search?kgmid=/g/11qg972hzy,info@lightboxlondon.com,"{""twitter"":""https://twitter.com/lightboxlondon"",""facebook"":""https://www.facebook.com/lightboxlondon"",""instagram"":""https://www.instagram.com/lightboxlondon/""}",https://www.facebook.com/lightboxlondon,https://www.instagram.com/lightboxlondon/,https://twitter.com/lightboxlondon,
Министерство Звука,"103 Gaunt St, London SE1 6DP, Великобритания",103 Gaunt St,London,"Ночной клуб,Бар,Танцевальный клуб,Билетная касса,Место проведения мероприятий",+44 20 7740 8600,"020 7740 8600, +44 20 7740 8600",YES,2750,3.9,https://search.google.com/local/reviews?placeid=ChIJi1P0ZqEEdkgRNrZdihKXmOc&q=London+night+club&authuser=0&hl=ru&gl=FR,https://www.google.com/maps?cid=16688254525107975734,51.4977929,-0.09946859999999999,https://www.ministryofsound.com/,ministryofsound.com,"среда:[Закрыто], четверг:[Закрыто], пятница:[22:30–05:00], суббота:[22:30–06:00], воскресенье:[Закрыто], понедельник:[Закрыто], вторник:[22:30–04:00]",https://lh5.googleusercontent.com/p/AF1QipMQTWWM2MMuPHmn9M-mSnMufBRqcpMbMxlWT3pd=w122-h92-k-no,16688254525107975734,ChIJi1P0ZqEEdkgRNrZdihKXmOc,/m/044xwr,9C3XFWX2+46,https://www.google.com/search?kgmid=/m/044xwr,"tableservice@ministryofsound.com,info@ministryofsound.com,IT@ministryofsound.com,GDPR@ministryofsound.com,lostproperty@ministryofsound.com,ministryofsound@seetickets.com,access@ministryofsound.com,candidate-privacy@ministryofsound.com,VIP@ministryofsound.com","{""instagram"":""https://www.instagram.com/ministryofsoundclub/?hl=en"",""facebook"":""https://www.facebook.com/ministryofsoundclub/?locale=en_gb"",""tiktok"":""https://www.tiktok.com/@ministry.of.sound.club""}",https://www.facebook.com/ministryofsoundclub/?locale=en_gb,https://www.instagram.com/ministryofsoundclub/?hl=en,,
Corsica Studios,"4, 5 Elephant Rd, London SE17 1LB, Великобритания",4,5 Elephant Rd,Ночной клуб,+44 20 7703 4760,"020 7703 4760, +44 20 7703 4760",NO,988,4.3,https://search.google.com/local/reviews?placeid=ChIJhUxt4KEEdkgRgZ5c5UG5qZ0&q=London+night+club&authuser=0&hl=ru&gl=FR,https://www.google.com/maps?cid=11360815227690851969,51.493570299999995,-0.0987089,http://www.corsicastudios.com/,corsicastudios.com,,https://lh5.googleusercontent.com/p/AF1QipOFgnFtLWkhFzA6sJqE23HG_WjAABaLhACg9sXj=w163-h92-k-no,11360815227690851969,ChIJhUxt4KEEdkgRgZ5c5UG5qZ0,/m/0k3c1__,9C3XFWV2+CG,https://www.google.com/search?kgmid=/m/0k3c1__,info@corsicastudios.com,"{""facebook"":""https://www.facebook.com/permalink.php?story_fbid=3158912344332362&id=100006408821311"",""yelp"":""https://www.yelp.com/biz/corsica-studios-london"",""twitter"":""https://twitter.com/corsica_studios""}",https://www.facebook.com/permalink.php?story_fbid=3158912344332362&id=100006408821311,,https://twitter.com/corsica_studios,https://www.yelp.com/biz/corsica-studios-london
Fire Nightclub,"Vauxhall, S Lambeth Rd, London SW8 1RT, Великобритания",Vauxhall,S Lambeth Rd,Ночной клуб,+44 20 3242 0040,"020 3242 0040, +44 20 3242 0040",YES,952,3.8,https://search.google.com/local/reviews?placeid=ChIJ42PH4-0EdkgR5U4q26b-2DQ&q=London+night+club&authuser=0&hl=ru&gl=FR,https://www.google.com/maps?cid=3808073477536763621,51.4844782,-0.1232683,https://www.firelondon.net/,firelondon.net,"среда:[Закрыто], четверг:[Закрыто], пятница:[23:00–00:00], суббота:[00:00–09:00], воскресенье:[00:00–11:00], понедельник:[Закрыто], вторник:[Закрыто]",https://lh5.googleusercontent.com/p/AF1QipPDGFAH-mWfZL7hf91qfXjVVLPht0gfTpZVl3ph=w138-h92-k-no,3808073477536763621,ChIJ42PH4-0EdkgR5U4q26b-2DQ,/g/1tgxhjq9,9C3XFVMG+QM,https://www.google.com/search?kgmid=/g/1tgxhjq9,lost@firelondon.net,"{""twitter"":""https://twitter.com/firevauxhall"",""facebook"":""https://www.facebook.com/firelondon"",""instagram"":""https://www.instagram.com/firelondon/""}",https://www.facebook.com/firelondon,https://www.instagram.com/firelondon/,https://twitter.com/firevauxhall,
E1,"Unit 2, 110 Pennington St, London E1W 2BB, Великобритания",Unit 2,110 Pennington St,Ночной клуб,KgfkZ-3eJcSmkdUP3uX6-A0,,YES,1915,4.4,https://search.google.com/local/reviews?placeid=ChIJRzvidzEDdkgRc56dOc6So1E&q=London+night+club&authuser=0&hl=ru&gl=FR,https://www.google.com/maps?cid=5882706952703549043,51.508869399999995,-0.061547399999999995,https://e1ldn.co/,e1ldn.co,"среда:[Закрыто], четверг:[Закрыто], пятница:[23:00–00:00], суббота:[00:00–06:00], воскресенье:[00:00–06:00], понедельник:[Закрыто], вторник:[Закрыто]",https://lh5.googleusercontent.com/p/AF1QipPGhec7et7h_yG0RN-K0RIjnPTOCJ2MvV1mMTh9=w138-h92-k-no,5882706952703549043,ChIJRzvidzEDdkgRc56dOc6So1E,/g/11f3vhyrns,9C3XGW5Q+G9,https://www.google.com/search?kgmid=/g/11f3vhyrns,info@e1ldn.co,"{""instagram"":""https://instagram.com/e1ldn"",""tiktok"":""https://www.tiktok.com/@e1ldnclub"",""twitter"":""https://twitter.com/e1ldn"",""facebook"":""https://www.facebook.com/e1ldn/""}",https://www.facebook.com/e1ldn/,https://instagram.com/e1ldn,https://twitter.com/e1ldn,
93 Feet East,"150 Brick Ln, London E1 6QL, Великобритания",150 Brick Ln,London,"Ночной клуб,Бар,Концертная площадка,Место проведения мероприятий",KgfkZ-3eJcSmkdUP3uX6-A0,,YES,917,4,https://search.google.com/local/reviews?placeid=ChIJidMFFbYcdkgR5JvMOfGOfGM&q=London+night+club&authuser=0&hl=ru&gl=FR,https://www.google.com/maps?cid=7168761873574960100,51.5214444,-0.0716111,http://www.93feeteast.co.uk/,93feeteast.co.uk,"среда:[17:00–23:00], четверг:[17:00–23:00], пятница:[17:00–01:30], суббота:[13:30–01:30], воскресенье:[13:30–22:30], понедельник:[Закрыто], вторник:[Закрыто]",https://lh5.googleusercontent.com/p/AF1QipP2Pws82GaSEhMa8yMMmUap54Lg8wYr_QT1Nj-u=w122-h92-k-no,7168761873574960100,ChIJidMFFbYcdkgR5JvMOfGOfGM,/m/03jf8f,9C3XGWCH+H9,https://www.google.com/search?kgmid=/m/03jf8f,"hello@93feeteast.co.uk,bookings@zofiadj.co.uk","{""instagram"":""https://instagram.com/93feeteast"",""facebook"":""https://www.facebook.com/93feeteast/"",""twitter"":""https://twitter.com/93feeteast"",""tiktok"":""https://www.tiktok.com/@93feeteastldn"",""linkedin"":""https://www.linkedin.com/company/93-feet-east/"",""yelp"":""https://www.yelp.com/biz/93-feet-east-london""}",https://www.facebook.com/93feeteast/,https://instagram.com/93feeteast,https://twitter.com/93feeteast,https://www.yelp.com/biz/93-feet-east-london
TSQ Club,"Trafalgar Square, 21-24 Cockspur St, London SW1Y 5BN, Великобритания",Trafalgar Square,21-24 Cockspur St,"Ночной клуб,Бар",+44 20 8103 3659,"020 8103 3659, +44 20 8103 3659",YES,613,4.5,https://search.google.com/local/reviews?placeid=ChIJkUxgKc4EdkgRUmnzPy22uAQ&q=London+night+club&authuser=0&hl=ru&gl=FR,https://www.google.com/maps?cid=340222077329172818,51.507435799999996,-0.13004069999999998,http://www.tsqclub.com/,tsqclub.com,"среда:[Закрыто], четверг:[Закрыто], пятница:[22:00–03:00], суббота:[22:00–03:00], воскресенье:[Закрыто], понедельник:[Закрыто], вторник:[Закрыто]",https://lh5.googleusercontent.com/p/AF1QipM92Nbrl5WiXqgysTccERQMXmDuqAOTj8KEIxKZ=w138-h92-k-no,340222077329172818,ChIJkUxgKc4EdkgRUmnzPy22uAQ,/g/11byckdj68,9C3XGV49+XX,https://www.google.com/search?kgmid=/g/11byckdj68,info@tsqclub.com,"{""instagram"":""https://www.instagram.com/tsqclub/"",""facebook"":""https://www.facebook.com/tsqclub/about/"",""yelp"":""https://www.yelp.com/biz/tsq-club-london""}",https://www.facebook.com/tsqclub/about/,https://www.instagram.com/tsqclub/,,https://www.yelp.com/biz/tsq-club-london
The Steel Yard,"13-16 Allhallows Ln, City of London, London EC4R 3UE, Великобритания",13-16 Allhallows Ln,"City of London, London","Ночной клуб,Коктейль-бар,Организация праздников и мероприятий,Концертная площадка,Винный бар",+44 20 7283 1505,"020 7283 1505, +44 20 7283 1505",YES,673,3.8,https://search.google.com/local/reviews?placeid=ChIJiQU2L1QDdkgRZRr_hbFtb2U&q=London+night+club&authuser=0&hl=ru&gl=FR,https://www.google.com/maps?cid=7309181329470331493,51.5100675,-0.090338,https://www.thesteelyard.london/,thesteelyard.london,,https://lh5.googleusercontent.com/p/AF1QipOW8k3IgN3CcCJluLPz0qw74xc52VmQSmW5UydB=w122-h92-k-no,7309181329470331493,ChIJiQU2L1QDdkgRZRr_hbFtb2U,/g/1v3kgzx3,9C3XGW65+2V,https://www.google.com/search?kgmid=/g/1v3kgzx3,"info@thesteelyard.london,jobs@thesteelyard.london,bookings@thesteelyard.london","{""facebook"":""https://www.facebook.com/thesteelyardldn"",""instagram"":""https://www.instagram.com/thesteelyardldn/"",""twitter"":""https://twitter.com/thesteelyardldn"",""tiktok"":""https://www.tiktok.com/@thesteelyard"",""linkedin"":""https://uk.linkedin.com/company/the-steelyard-london""}",https://www.facebook.com/thesteelyardldn,https://www.instagram.com/thesteelyardldn/,https://twitter.com/thesteelyardldn,
Metropolis Club,"234 Cambridge Heath Rd, Bethnal Green, London E2 9NN, Великобритания",234 Cambridge Heath Rd,"Bethnal Green, London","Ночной клуб,Клуб,Диско-клуб,Центр переговоров и мероприятий,Клуб для взрослых,Организатор праздников",+44 20 8980 2917,"020 8980 2917, +44 20 8980 2917",YES,387,4.5,https://search.google.com/local/reviews?placeid=ChIJ7__G2usddkgRwlWsd8-0GRA&q=London+night+club&authuser=0&hl=ru&gl=FR,https://www.google.com/maps?cid=1160157182183626178,51.532452299999996,-0.0568498,https://metropolisclub.co.uk/?utm_source=GMB&utm_medium=Organic&utm_campaign=GMB_Listing,metropolisclub.co.uk,"среда:[21:00–03:00], четверг:[21:00–04:00], пятница:[21:00–04:00], суббота:[22:00–04:00], воскресенье:[Закрыто], понедельник:[Закрыто], вторник:[21:00–03:00]",https://lh5.googleusercontent.com/p/AF1QipOrK5hkeKQc5SVPVGdoucJ3pE-Ck2dad2WJ3pOM=w85-h92-k-no,1160157182183626178,ChIJ7__G2usddkgRwlWsd8-0GRA,/g/11h3jjhsbv,9C3XGWJV+X7,https://www.google.com/search?kgmid=/g/11h3jjhsbv,bookings@metropolisclub.co.uk,"{""instagram"":""https://www.instagram.com/metropolisclub_/"",""facebook"":""https://www.facebook.com/metropolisgentlemens/"",""yelp"":""https://www.yelp.com/biz/metropolis-strip-club-london""}",https://www.facebook.com/metropolisgentlemens/,https://www.instagram.com/metropolisclub_/,,https://www.yelp.com/biz/metropolis-strip-club-london
The Ivy Club,"9 West St, London WC2H 9NE, Великобритания",9 West St,London,"Ночной клуб,Клуб,Центр переговоров и мероприятий,Клуб по интересам",+44 20 7557 6095,"020 7557 6095, +44 20 7557 6095",YES,381,4.6,https://search.google.com/local/reviews?placeid=ChIJL8k8cs0EdkgR8IwP1Sdr47c&q=London+night+club&authuser=0&hl=ru&gl=FR,https://www.google.com/maps?cid=13250552347476593904,51.5129443,-0.12816529999999998,http://www.the-ivyclub.co.uk/,the-ivyclub.co.uk,"среда:[08:30–01:00], четверг:[08:30–01:00], пятница:[08:30–01:00], суббота:[16:00–01:00], воскресенье:[Закрыто], понедельник:[08:30–23:00], вторник:[08:30–23:00]",https://lh5.googleusercontent.com/p/AF1QipPAMQJPvL3qpZ92WbuRoOwk_y1tm2DV7FiModA=w122-h92-k-no,13250552347476593904,ChIJL8k8cs0EdkgR8IwP1Sdr47c,/g/1thwzxr3,9C3XGV7C+5P,https://www.google.com/search?kgmid=/g/1thwzxr3,"events@the-ivyclub.co.uk,info@the-ivyclub.co.uk,guestlist@the-ivyclub.co.uk,app@peoplevine.com","{""youtube"":""https://www.youtube.com/channel/uce3ipuws_vxxqzgwg-4glng/videos"",""facebook"":""https://www.facebook.com/theivybrasseries/"",""twitter"":""https://twitter.com/theivywestst"",""instagram"":""https://www.instagram.com/the_ivy_collection""}",https://www.facebook.com/theivybrasseries/,https://www.instagram.com/the_ivy_collection,https://twitter.com/theivywestst,
Infernos Nightclub,"146 Clapham High St, London SW4 7UH, Великобритания",146 Clapham High St,London,"Ночной клуб,Бар,Караоке-бар",+44 20 7720 7633,"020 7720 7633, +44 20 7720 7633",YES,677,3.6,https://search.google.com/local/reviews?placeid=ChIJkX63D1IEdkgReGGWJjZL-mU&q=London+night+club&authuser=0&hl=ru&gl=FR,https://www.google.com/maps?cid=7348268437956092280,51.4627537,-0.1359428,http://www.infernos.co.uk/,infernos.co.uk,"среда:[Закрыто], четверг:[Закрыто], пятница:[22:30–04:00], суббота:[22:00–04:00], воскресенье:[Закрыто], понедельник:[Закрыто], вторник:[Закрыто]",https://lh5.googleusercontent.com/p/AF1QipNojJvmggZBd-Tz6oftLmHl2NbGgBOlBRkM9eEW=w137-h92-k-no,7348268437956092280,ChIJkX63D1IEdkgReGGWJjZL-mU,/g/1tc_dr04,9C3XFV77+4J,https://www.google.com/search?kgmid=/g/1tc_dr04,"hello@infernos.co.uk,hello@infernos.o.uk,manager@infernos.co.uk","{""facebook"":""https://www.facebook.com/infernoslondon"",""instagram"":""https://www.instagram.com/infernoslondon/"",""tiktok"":""https://www.tiktok.com/@infernoslondon?lang=en"",""yelp"":""https://www.yelp.com/biz/infernos-london"",""twitter"":""https://twitter.com/infernosclapham""}",https://www.facebook.com/infernoslondon,https://www.instagram.com/infernoslondon/,https://twitter.com/infernosclapham,https://www.yelp.com/biz/infernos-london
The Social,"5 Little Portland St, London W1W 7JD, Великобритания",5 Little Portland St,London,"Ночной клуб,Бар с живой музыкой,Концертная площадка,Бар",+44 20 7636 4992,"020 7636 4992, +44 20 7636 4992",YES,712,4.4,https://search.google.com/local/reviews?placeid=ChIJQcZSgCobdkgR9y8TnpKyXFE&q=London+night+club&authuser=0&hl=ru&gl=FR,https://www.google.com/maps?cid=5862757157716570103,51.5173509,-0.1407312,http://www.thesocial.com/,thesocial.com,"среда:[16:30–00:00], четверг:[16:30–01:00], пятница:[16:30–01:00], суббота:[18:00–01:00], воскресенье:[Закрыто], понедельник:[16:30–00:00], вторник:[16:30–00:00]",https://lh5.googleusercontent.com/p/AF1QipMT8yaNWJhvWERp8J_5yVRcNZzmRSMsw5ICYJPz=w80-h106-k-no,5862757157716570103,ChIJQcZSgCobdkgR9y8TnpKyXFE,/g/1td7sp5w,9C3XGV85+WP,https://www.google.com/search?kgmid=/g/1td7sp5w,"theoffice@thesocial.com,hello@thesocial.com.my,join.us@thesocial.com.my","{""facebook"":""https://www.facebook.com/thesocialw1/"",""twitter"":""https://twitter.com/thesocial"",""instagram"":""https://www.instagram.com/thesociallondon/"",""yelp"":""https://www.yelp.com/biz/the-social-london""}",https://www.facebook.com/thesocialw1/,https://www.instagram.com/thesociallondon/,https://twitter.com/thesocial,https://www.yelp.com/biz/the-social-london
Floripa,"91-92 Great Eastern St, London EC2A 3HZ, Великобритания",91-92 Great Eastern St,London,"Ночной клуб,Бар,Коктейль-бар",+44 20 3325 9739,"020 3325 9739, +44 20 3325 9739",YES,1428,3.2,https://search.google.com/local/reviews?placeid=ChIJhQXVXqUcdkgRHDV37A7dT5w&q=London+night+club&authuser=0&hl=ru&gl=FR,https://www.google.com/maps?cid=11263464249243415836,51.5258603,-0.0835282,http://www.floripa-london.com/,floripa-london.com,"среда:[12:00–02:00], четверг:[12:00–02:00], пятница:[12:00–03:00], суббота:[12:00–03:00], воскресенье:[12:00–01:00], понедельник:[12:00–02:00], вторник:[12:00–02:00]",https://lh5.googleusercontent.com/p/AF1QipMmcjZxHQhVx15Y1mfIzs5FWGq7Vxy87n96lrV5=w122-h92-k-no,11263464249243415836,ChIJhQXVXqUcdkgRHDV37A7dT5w,/g/1v_z3tt4,9C3XGWG8+8H,https://www.google.com/search?kgmid=/g/1v_z3tt4,"placidi@uninettunouniversity.net,qkzhu@yahoo.com,luciu73@wp.pl,joerg_volkmann@web.de,flamini@uninettunouniversity.net,lpombo@ua.pt,nicolae_coroiu@yahoo.com,clshen@ccms.nkfust.edu.tw,saidivaliev.tirte@bk.ru,jkaram@alfaisal.edu,mariusgrigorepsyche@yahoo.com,corporateevents@opusleisure.com,corporateevents@sbg-london.com","{""yelp"":""https://www.yelp.com/biz/floripa-london"",""facebook"":""https://facebook.com/floripaldn"",""instagram"":""https://instagram.com/floripaldn""}",https://facebook.com/floripaldn,https://instagram.com/floripaldn,,https://www.yelp.com/biz/floripa-london
Dolce,"17A Harrington Rd, South Kensington, London SW7 3ES, Великобритания",17A Harrington Rd,"South Kensington, London","Клуб,Коктейль-бар,Диско-клуб,Комната отдыха,Музыкальный клуб",+44 7725 444406,"07725 444406, +44 7725 444406",YES,358,3.3,https://search.google.com/local/reviews?placeid=ChIJub28q0IFdkgRlFaawpqgSAY&q=London+night+club&authuser=0&hl=ru&gl=FR,https://www.google.com/maps?cid=452788349101037204,51.493994099999995,-0.1756944,https://www.dolcekensington.com/,dolcekensington.com,"среда:[Закрыто], четверг:[Закрыто], пятница:[22:00–03:00], суббота:[22:00–03:00], воскресенье:[Закрыто], понедельник:[Закрыто], вторник:[Закрыто]",https://lh5.googleusercontent.com/p/AF1QipMRDvSK1-hoqBM4NlP70T4dDv8-7H-KJ6AKFh3M=w137-h92-k-no,452788349101037204,ChIJub28q0IFdkgRlFaawpqgSAY,/g/11bv3qygyk,9C3XFRVF+HP,https://www.google.com/search?kgmid=/g/11bv3qygyk,"info@dolcekensington.com,Guestlist@capitalalist.com","{""facebook"":""https://www.facebook.com/dolcekensington/""}",https://www.facebook.com/dolcekensington/,,,
ABBA Arena,"1 Pudding Mill Ln, London E15 2RU, Великобритания",1 Pudding Mill Ln,London,"Концертная площадка,Арена,Достопримечательность",KgfkZ-3eJcSmkdUP3uX6-A0,,YES,15304,4.9,https://search.google.com/local/reviews?placeid=ChIJO5fpH1UddkgR5O5a8qgb0ZE&q=London+night+club&authuser=0&hl=ru&gl=FR,https://www.google.com/maps?cid=10507209818066579172,51.533410499999995,-0.013052999999999999,https://www.abbaarena.com/,abbaarena.com,"среда:[24 часа в сутки], четверг:[24 часа в сутки], пятница:[24 часа в сутки], суббота:[24 часа в сутки], воскресенье:[24 часа в сутки], понедельник:[24 часа в сутки], вторник:[24 часа в сутки]",https://lh5.googleusercontent.com/p/AF1QipPQ4uNw6lglLZigYL5Y806GIqCa34mv41DEHMmT=k-no-,10507209818066579172,ChIJO5fpH1UddkgR5O5a8qgb0ZE,/g/11p0wgp9zy,9C3XGXMP+9Q,https://www.google.com/search?kgmid=/g/11p0wgp9zy,contact@abbaarena.com,,,,,
Cirque Le Soir,"15-21 Ganton St, Carnaby, London W1F 9BN, Великобритания",15-21 Ganton St,"Carnaby, London",Ночной клуб,+44 20 7287 8001,"020 7287 8001, +44 20 7287 8001",YES,602,2.8,https://search.google.com/local/reviews?placeid=ChIJ137lG9UEdkgRfpRAzphNcaI&q=London+night+club&authuser=0&hl=ru&gl=FR,https://www.google.com/maps?cid=11705222225203336318,51.5128822,-0.1391517,https://www.cirquelesoir.com/,cirquelesoir.com,"среда:[23:00–03:00], четверг:[Закрыто], пятница:[23:00–03:00], суббота:[23:00–03:00], воскресенье:[Закрыто], понедельник:[23:00–03:00], вторник:[Закрыто]",https://lh5.googleusercontent.com/p/AF1QipPRb6yj5G-JZIoft0m6ZhzWPjAyZ6I8oF5KbJXm=w137-h92-k-no,11705222225203336318,ChIJ137lG9UEdkgRfpRAzphNcaI,/g/1hc2qf7pr,9C3XGV76+58,https://www.google.com/search?kgmid=/g/1hc2qf7pr,tables@cirquelesoir.com,"{""tiktok"":""https://www.tiktok.com/@cirque.le.soir"",""instagram"":""https://www.instagram.com/cirquelesoir/"",""facebook"":""https://www.facebook.com/cirquelesoirlondon/""}",https://www.facebook.com/cirquelesoirlondon/,https://www.instagram.com/cirquelesoir/,,
Opera London Club,"37 Duke St, London W1U 1LN, Великобритания",37 Duke St,London,Диско-клуб,+44 7477 550200,"07477 550200, +44 7477 550200",YES,20,4.4,https://search.google.com/local/reviews?placeid=ChIJ1S3mi-IbdkgRoV2aPCXqctk&q=London+night+club&authuser=0&hl=ru&gl=FR,https://www.google.com/maps?cid=15668843499226815905,51.5149511,-0.1515833,,,,https://lh5.googleusercontent.com/p/AF1QipOvIVoWWoXSl5rzN5IZDgs2AYwxRzD5pwZ0m2L5=w122-h92-k-no,15668843499226815905,ChIJ1S3mi-IbdkgRoV2aPCXqctk,/g/11t65vcsb4,9C3XGR7X+X9,https://www.google.com/search?kgmid=/g/11t65vcsb4,,"{""instagram"":""https://www.instagram.com/lordsofdukestreet/""}",,https://www.instagram.com/lordsofdukestreet/,,
London Best Night Clubs,"145 St John St, London EC1V 4PY, Великобритания",145 St John St,London,Ночной клуб,+44 20 3287 2174,"020 3287 2174, +44 20 3287 2174",YES,7,4,https://search.google.com/local/reviews?placeid=ChIJRZJf-FAbdkgRvFN8Cst-iNE&q=London+night+club&authuser=0&hl=ru&gl=FR,https://www.google.com/maps?cid=15098457161278968764,51.523194499999995,-0.1024373,,,"среда:[08:00–18:00], четверг:[08:00–18:00], пятница:[08:00–18:00], суббота:[09:00–16:00], воскресенье:[Закрыто], понедельник:[08:00–18:00], вторник:[08:00–18:00]",https://streetviewpixels-pa.googleapis.com/v1/thumbnail?panoid=ZpQ3liTsSFljc7ley0Bkww&cb_client=search.gws-prod.gps&w=80&h=92&yaw=263.6739&pitch=0&thumbfov=100,15098457161278968764,ChIJRZJf-FAbdkgRvFN8Cst-iNE,/g/1td0mhw_,9C3XGVFX+72,https://www.google.com/search?kgmid=/g/1td0mhw_,,,,,,
Tape London,"17 Hanover Square, London W1S 1HU, Великобритания",17 Hanover Square,London,Ночной клуб,+44 20 7659 9080,"020 7659 9080, +44 20 7659 9080",YES,370,3,https://search.google.com/local/reviews?placeid=ChIJjwoCJisFdkgRbHaQNJkmDKk&q=London+night+club&authuser=0&hl=ru&gl=FR,https://www.google.com/maps?cid=12181153531584083564,51.5143309,-0.1446868,http://tapelondon.com/,tapelondon.com,"среда:[Закрыто], четверг:[Закрыто], пятница:[23:00–03:30], суббота:[23:00–03:30], воскресенье:[23:00–03:30], понедельник:[Закрыто], вторник:[23:00–03:30]",https://lh5.googleusercontent.com/p/AF1QipPECBLh2jZmVWgOeWxFjQRIIopJLbBKoRyMU8-Z=w92-h92-k-no,12181153531584083564,ChIJjwoCJisFdkgRbHaQNJkmDKk,/g/11bw2g8_7_,9C3XGV74+P4,https://www.google.com/search?kgmid=/g/11bw2g8_7_,"Reservations@tapelondon.com,Events@tapelondon.com,Studio@tapelondon.com,Talkwithus@tapelondon.com,studio@tapelondon.com","{""tiktok"":""https://www.tiktok.com/@tapeclub?lang=en"",""instagram"":""https://www.instagram.com/tapelondon/"",""youtube"":""https://www.youtube.com/@tapelondonclub"",""yelp"":""https://www.yelp.com/biz/tape-london-london-2"",""facebook"":""https://www.facebook.com/tapelondonstudio/""}",https://www.facebook.com/tapelondonstudio/,https://www.instagram.com/tapelondon/,,https://www.yelp.com/biz/tape-london-london-2
Village Underground,"54 Holywell Ln, London EC2A 3PQ, Великобритания",54 Holywell Ln,London,"Ночной клуб,Художественная галерея,Общество искусств,Бар,Клуб,Культурный центр,Организация праздников и мероприятий,Концертная площадка",QwfkZ8f-MJWLkdUPhdfV-Qk,,YES,1857,4.5,https://search.google.com/local/reviews?placeid=ChIJJ60z5rAcdkgRYQGxIFjuKC8&q=London+night+club&authuser=0&hl=ru&gl=FR,https://www.google.com/maps?cid=3398227981124043105,51.5235165,-0.0785259,http://www.villageunderground.co.uk/,villageunderground.co.uk,,https://lh5.googleusercontent.com/p/AF1QipMGpzblpfPyqGD_4_96t-TtQTSxbtmyt1AP1jVZ=w138-h92-k-no,3398227981124043105,ChIJJ60z5rAcdkgRYQGxIFjuKC8,/m/0lgs316,9C3XGWFC+CH,https://www.google.com/search?kgmid=/m/0lgs316,"comps@villageunderground.co.uk,info@villageunderground.co.uk,lostproperty@villageunderground.co.uk,hire@villageunderground.co.uk,access@villageunderground.co.uk,alice@villageunderground.co.uk","{""twitter"":""https://x.com/mailchimp"",""instagram"":""https://www.instagram.com/mailchimp/"",""facebook"":""https://www.facebook.com/mailchimp/"",""linkedin"":""https://www.linkedin.com/company/mailchimp"",""youtube"":""https://www.youtube.com/user/villunderlondon"",""pinterest"":""https://www.pinterest.com/mailchimp/"",""yelp"":""https://www.yelp.com/biz/village-underground-london""}",https://www.facebook.com/mailchimp/,https://www.instagram.com/mailchimp/,https://x.com/mailchimp,https://www.yelp.com/biz/village-underground-london
LUXX CLUB LONDON,"8DY, 15 Berkeley St, London W1J 8DY, Великобритания",8DY,15 Berkeley St,"Ночной клуб,Бар,Кафе,Клуб,Диджей,Шоумен,Караоке-бар,Комната отдыха,Ресторан,Клуб по интересам",+44 20 7499 7188,"020 7499 7188, +44 20 7499 7188",YES,431,3.2,https://search.google.com/local/reviews?placeid=ChIJuRQymCkFdkgR2rZ1GsDxYRE&q=London+night+club&authuser=0&hl=ru&gl=FR,https://www.google.com/maps?cid=1252547978765645530,51.5084994,-0.1431904,http://www.londonluxx.com/,londonluxx.com,"среда:[Закрыто], четверг:[22:30–03:30], пятница:[22:30–03:30], суббота:[22:30–03:30], воскресенье:[Закрыто], понедельник:[Закрыто], вторник:[Закрыто]",https://lh5.googleusercontent.com/p/AF1QipN0u1w8sgN0KhSpl8gHF499jxS2EvntXe0TWTBu=w138-h92-k-no,1252547978765645530,ChIJuRQymCkFdkgR2rZ1GsDxYRE,/g/1tctf222,9C3XGV54+9P,https://www.google.com/search?kgmid=/g/1tctf222,info@londonluxx.com,"{""facebook"":""https://www.facebook.com/luxxclublondon/"",""instagram"":""https://www.instagram.com/luxxclublondon/"",""twitter"":""https://twitter.com/luxxclublondon""}",https://www.facebook.com/luxxclublondon/,https://www.instagram.com/luxxclublondon/,https://twitter.com/luxxclublondon,
The Cuckoo Club,"Swallow St, London W1B 4EZ, Великобритания",Swallow St,London,"Ночной клуб,Ресторан",+44 20 7287 4300,"020 7287 4300, +44 20 7287 4300",YES,396,3.1,https://search.google.com/local/reviews?placeid=ChIJ32I5K9QEdkgRa2Rm_GGlTpI&q=London+night+club&authuser=0&hl=ru&gl=FR,https://www.google.com/maps?cid=10542545617985889387,51.5097125,-0.13791409999999998,http://www.thecuckooclub.com/,thecuckooclub.com,"среда:[23:00–03:30], четверг:[23:00–03:30], пятница:[23:00–03:30], суббота:[23:00–03:30], воскресенье:[Закрыто], понедельник:[Закрыто], вторник:[Закрыто]",https://lh5.googleusercontent.com/p/AF1QipPt-J757Wh-KwZEjpu91F4I60afwTTsrtcz28LP=w122-h92-k-no,10542545617985889387,ChIJ32I5K9QEdkgRa2Rm_GGlTpI,/g/1thgghrr,9C3XGV56+VR,https://www.google.com/search?kgmid=/g/1thgghrr,"info@thecuckooclub.com,tables@thecuckooclub.com","{""facebook"":""https://www.facebook.com/cuckooclub"",""twitter"":""https://twitter.com/thecuckooclub"",""instagram"":""https://instagram.com/thecuckooclub/"",""youtube"":""https://www.youtube.com/channel/ucp6vuwmex1n2xjjicpnzd3a"",""pinterest"":""https://www.pinterest.co.uk/thecuckooclub1/"",""yelp"":""https://www.yelp.com/biz/the-cuckoo-club-london""}",https://www.facebook.com/cuckooclub,https://instagram.com/thecuckooclub/,https://twitter.com/thecuckooclub,https://www.yelp.com/biz/the-cuckoo-club-london
Maddox Club,"3-5 Mill St, London W1S 2AU, Великобритания",3-5 Mill St,London,Ночной клуб,+44 20 7629 8877,"020 7629 8877, +44 20 7629 8877",YES,375,2.8,https://search.google.com/local/reviews?placeid=ChIJaUyOjCoFdkgRcBzfy2ZyJWU&q=London+night+club&authuser=0&hl=ru&gl=FR,https://www.google.com/maps?cid=7288357357801643120,51.5125721,-0.14225079999999998,http://www.maddoxclub.com/,maddoxclub.com,"среда:[Закрыто], четверг:[23:30–00:00], пятница:[00:30–04:00], суббота:[00:30–04:00], воскресенье:[00:30–04:00], понедельник:[Закрыто], вторник:[Закрыто]",https://lh5.googleusercontent.com/p/AF1QipOb1u0P-TPsubHHv2SZdhUh2gjevItPpjhZwDQ=w80-h106-k-no,7288357357801643120,ChIJaUyOjCoFdkgRcBzfy2ZyJWU,/g/1wnf0jj9,9C3XGV75+23,https://www.google.com/search?kgmid=/g/1wnf0jj9,info@maddoxclub.com,"{""facebook"":""https://www.facebook.com/kevin.may.9678067/posts/6078437978854635"",""linkedin"":""https://ao.linkedin.com/company/maddox-club""}",https://www.facebook.com/kevin.may.9678067/posts/6078437978854635,,,
Union,"66 Albert Embankment, London SE1 7TP, Великобритания",66 Albert Embankment,London,Ночной клуб,QwfkZ8f-MJWLkdUPhdfV-Qk,,YES,254,3.5,https://search.google.com/local/reviews?placeid=ChIJ9_A3GewEdkgRECfYugLkB_Y&q=London+night+club&authuser=0&hl=ru&gl=FR,https://www.google.com/maps?cid=17728389158543042320,51.4869907,-0.12289639999999999,http://www.clubunion.co.uk/Union/Welcome.html,clubunion.co.uk,"среда:[24 часа в сутки], четверг:[12:00–00:00], пятница:[23:59–00:00], суббота:[00:00–10:00], воскресенье:[00:00–10:00], понедельник:[24 часа в сутки], вторник:[24 часа в сутки]",https://lh5.googleusercontent.com/p/AF1QipP2jCuO5Nwoq0zcupUWLv5YS-BE8KeW5YCd520u=w122-h92-k-no,17728389158543042320,ChIJ9_A3GewEdkgRECfYugLkB_Y,/g/12hmlh6p6,9C3XFVPG+QR,https://www.google.com/search?kgmid=/g/12hmlh6p6,info@clubunion.co.uk,"{""facebook"":""https://facebook.com/unionvauxhall""}",https://facebook.com/unionvauxhall,,,
Rumba,"36 Shaftesbury Ave, London W1D 7EP, Великобритания",36 Shaftesbury Ave,London,"Ночной клуб,Бар,Клуб,Танцевальный клуб",+44 20 7287 6933,"020 7287 6933, +44 20 7287 6933",YES,1946,3.5,https://search.google.com/local/reviews?placeid=ChIJidyEx9MEdkgRCOVvGYeKftw&q=London+night+club&authuser=0&hl=ru&gl=FR,https://www.google.com/maps?cid=15888288848261670152,51.5111469,-0.1332748,https://rumbalondon.com/,rumbalondon.com,"среда:[18:00–03:00], четверг:[18:00–03:00], пятница:[18:00–03:00], суббота:[18:00–03:00], воскресенье:[18:00–03:00], понедельник:[18:00–03:00], вторник:[18:00–03:00]",https://lh5.googleusercontent.com/p/AF1QipMDilVzRudr_pcHO06wik6PiMMydOfGjoX64UE1=w137-h92-k-no,15888288848261670152,ChIJidyEx9MEdkgRCOVvGYeKftw,/m/0lj2s5y,9C3XGV68+FM,https://www.google.com/search?kgmid=/m/0lj2s5y,info@barrumbalondon.com,"{""facebook"":""https://www.facebook.com/barrumbalondon/?locale=en_gb"",""instagram"":""https://www.instagram.com/rumba_london/"",""tiktok"":""https://www.tiktok.com/@bar_rumba""}",https://www.facebook.com/barrumbalondon/?locale=en_gb,https://www.instagram.com/rumba_london/,,
Tiger Tiger London,"29 Haymarket, London SW1Y 4SP, Великобритания",29 Haymarket,London,Ночной клуб,+44 20 3325 9739,"020 3325 9739, +44 20 3325 9739",YES,1359,1.9,https://search.google.com/local/reviews?placeid=ChIJNe7OrhwFdkgR20o-_VXMjdc&q=London+night+club&authuser=0&hl=ru&gl=FR,https://www.google.com/maps?cid=15532295359563713243,51.5096973,-0.1325448,,,"среда:[19:00–03:00], четверг:[19:00–03:00], пятница:[19:00–03:00], суббота:[19:00–03:00], воскресенье:[Закрыто], понедельник:[19:00–03:00], вторник:[19:00–03:00]",https://lh5.googleusercontent.com/p/AF1QipPbf0aOzOg8_uGBLLCrWy3z4iu-b9n4iHSVhsYz=w138-h92-k-no,15532295359563713243,ChIJNe7OrhwFdkgR20o-_VXMjdc,/g/11fst8537g,9C3XGV58+VX,https://www.google.com/search?kgmid=/g/11fst8537g,,"{""yelp"":""https://www.yelp.com/biz/tiger-tiger-london"",""facebook"":""https://www.facebook.com/tigertigerlondon/""}",https://www.facebook.com/tigertigerlondon/,,,https://www.yelp.com/biz/tiger-tiger-london
Soho Zebrano,"18 Greek St, London W1D 4DS, Великобритания",18 Greek St,London,"Ночной клуб,Ресторан поздних завтраков,Коктейль-бар,Комедийный клуб,Диско-клуб,Караоке-бар,Концертная площадка,Бар",+44 20 7287 5267,"020 7287 5267, +44 20 7287 5267",YES,1815,3.9,https://search.google.com/local/reviews?placeid=ChIJjRVSx9IEdkgRP7kVukR0JQ8&q=London+night+club&authuser=0&hl=ru&gl=FR,https://www.google.com/maps?cid=1091406323235797311,51.5139875,-0.1306966,http://www.zebranolondon.com/,zebranolondon.com,"среда:[17:00–03:00], четверг:[17:00–03:00], пятница:[17:00–03:00], суббота:[15:00–03:00], воскресенье:[19:00–03:00], понедельник:[19:00–03:00], вторник:[17:00–03:00]",https://lh5.googleusercontent.com/p/AF1QipMZv5Ubbd9fKsQGbHsiY8sq8WNASL-S7UM5SbaV=w138-h92-k-no,1091406323235797311,ChIJjRVSx9IEdkgRP7kVukR0JQ8,/g/1tg80yjj,9C3XGV79+HP,https://www.google.com/search?kgmid=/g/1tg80yjj,info@zebranolondon.com,"{""yelp"":""https://www.yelp.com/biz/zebrano-london-4"",""instagram"":""https://www.instagram.com/zebranosoho/"",""facebook"":""https://www.facebook.com/zebranosoho""}",https://www.facebook.com/zebranosoho,https://www.instagram.com/zebranosoho/,,https://www.yelp.com/biz/zebrano-london-4
B London,"92b Old Brompton Rd, South Kensington, London SW7 3LQ, Великобритания",92b Old Brompton Rd,"South Kensington, London","Диско-клуб,Клуб,Ночной клуб",+44 20 7584 2000,"020 7584 2000, +44 20 7584 2000",YES,213,4,https://search.google.com/local/reviews?placeid=ChIJM8IE6WcFdkgRav4XLZmC7cI&q=London+night+club&authuser=0&hl=ru&gl=FR,https://www.google.com/maps?cid=14046026407236599402,51.4924025,-0.1780021,https://bclublondon.com/,bclublondon.com,"среда:[22:00–02:00], четверг:[22:00–03:00], пятница:[22:00–03:00], суббота:[22:00–03:00], воскресенье:[Закрыто], понедельник:[Закрыто], вторник:[Закрыто]",https://lh5.googleusercontent.com/p/AF1QipORhR7sPhrYYKJQBOyPyiOdfR6pFSUcUhkptSz-=w112-h92-k-no,14046026407236599402,ChIJM8IE6WcFdkgRav4XLZmC7cI,/g/11c1q9s4ph,9C3XFRRC+XQ,https://www.google.com/search?kgmid=/g/11c1q9s4ph,info@bclublondon.com,"{""facebook"":""https://www.facebook.com/carlo.carello.5/posts/6439603769437757"",""instagram"":""https://instagram.com/bclublondon""}",https://www.facebook.com/carlo.carello.5/posts/6439603769437757,https://instagram.com/bclublondon,,
The Book Club,"100-106 Leonard St, London EC2A 4RH, Великобритания",100-106 Leonard St,London,"Бар,Ресторан поздних завтраков,Клуб,Коктейль-бар,Комедийный клуб,Диско-клуб,Пиццерия,Ресторан,Винный бар",+44 20 7684 8618,"020 7684 8618, +44 20 7684 8618",YES,1982,4,https://search.google.com/local/reviews?placeid=ChIJj4iaELAcdkgRfatxhkTGU6c&q=London+night+club&authuser=0&hl=ru&gl=FR,https://www.google.com/maps?cid=12057198625016621949,51.5246107,-0.081424,https://www.wearetbc.com/,wearetbc.com,"среда:[17:00–00:00], четверг:[17:00–01:00], пятница:[17:00–03:00], суббота:[17:00–03:00], воскресенье:[Закрыто], понедельник:[Закрыто], вторник:[Закрыто]",https://lh5.googleusercontent.com/p/AF1QipMFdpW05URWXAHkE7CMDflEIL3gpx-SkSG_ft-C=w138-h92-k-no,12057198625016621949,ChIJj4iaELAcdkgRfatxhkTGU6c,/g/1tfsmgr3,9C3XGWF9+RC,https://www.google.com/search?kgmid=/g/1tfsmgr3,"manager@wearetbc.com,jessye@mothershipgroup.com,adam@mothershipgroup.com,jack@mothershipgroup.com,anushka@mothershipgroup.com","{""yelp"":""https://www.yelp.com/biz/the-book-club-london""}",,,,https://www.yelp.com/biz/the-book-club-london
Bonbon Club London,"1 Navigator Square, Archway, London N19 3TD, Великобритания",1 Navigator Square,"Archway, London",Ночной клуб,+44 7429 545636,"07429 545636, +44 7429 545636",YES,42,3.6,https://search.google.com/local/reviews?placeid=ChIJs2Ghy80bdkgRNXenYUteZww&q=London+night+club&authuser=0&hl=ru&gl=FR,https://www.google.com/maps?cid=893786728910255925,51.5661047,-0.1350923,http://www.bonbonlondon.net/,bonbonlondon.net,"среда:[11:00–00:00], четверг:[11:00–00:00], пятница:[11:30–00:00], суббота:[11:00–00:00], воскресенье:[11:00–00:00], понедельник:[11:00–00:00], вторник:[11:00–00:00]",https://lh5.googleusercontent.com/p/AF1QipPs0L-9664SWedBdUfk6NnZbTpniAWORz6Mvoq8=w122-h92-k-no,893786728910255925,ChIJs2Ghy80bdkgRNXenYUteZww,/g/11rn0z4ryz,9C3XHV87+CX,https://www.google.com/search?kgmid=/g/11rn0z4ryz,info@bonbonevents.com,"{""instagram"":""https://www.instagram.com/alb4nm._""}",,https://www.instagram.com/alb4nm._,,
Aquum,"68-70 Clapham High St, London SW4 7UL, Великобритания",68-70 Clapham High St,London,"Ночной клуб,Ресторан европейской кухни,Место проведения мероприятий,Ресторан",+44 20 7627 2726,"020 7627 2726, +44 20 7627 2726",YES,807,3.5,https://search.google.com/local/reviews?placeid=ChIJX91s61EEdkgRFolyo40-lpo&q=London+night+club&authuser=0&hl=ru&gl=FR,https://www.google.com/maps?cid=11139159506401003798,51.463713899999995,-0.1331929,http://www.aquum.co.uk/,aquum.co.uk,"среда:[Закрыто], четверг:[17:00–02:00], пятница:[17:00–03:30], суббота:[12:00–03:30], воскресенье:[12:00–01:00], понедельник:[Закрыто], вторник:[Закрыто]",https://lh5.googleusercontent.com/p/AF1QipM8vOkGZQFTn1dcmTwcT4hVNHxX5mmzIe2XaJqM=w137-h92-k-no,11139159506401003798,ChIJX91s61EEdkgRFolyo40-lpo,/g/12214fqzd,9C3XFV78+FP,https://www.google.com/search?kgmid=/g/12214fqzd,info@aquum.co.uk,"{""instagram"":""https://www.instagram.com/aquum"",""facebook"":""https://www.facebook.com/aquum/"",""yelp"":""https://www.yelp.com/biz/aquum-london"",""twitter"":""https://twitter.com/aquum""}",https://www.facebook.com/aquum/,https://www.instagram.com/aquum,https://twitter.com/aquum,https://www.yelp.com/biz/aquum-london
Lightbox London,"6 S Lambeth Pl, London SW8 1SP, Великобритания",6 S Lambeth Pl,London,"Ночной клуб,Место проведения мероприятий",+44 20 3242 0040,"020 3242 0040, +44 20 3242 0040",YES,700,3.8,https://search.google.com/local/reviews?placeid=ChIJ3SDX4O0EdkgRsfHpWfquf1Y&q=London+night+club&authuser=0&hl=ru&gl=FR,https://www.google.com/maps?cid=6232892799577616817,51.4853525,-0.1235324,http://www.lightboxlondon.net/,lightboxlondon.net,"среда:[Закрыто], четверг:[Закрыто], пятница:[23:00–00:00], суббота:[00:00–06:00], воскресенье:[00:00–06:00], понедельник:[Закрыто], вторник:[Закрыто]",https://lh5.googleusercontent.com/p/AF1QipPfbMcb0oU4w6TMlgot9xa9YBjpjTrl-SQAauBn=w138-h92-k-no,6232892799577616817,ChIJ3SDX4O0EdkgRsfHpWfquf1Y,/g/11y8fl36t,9C3XFVPG+4H,https://www.google.com/search?kgmid=/g/11y8fl36t,info@lightboxlondon.com,"{""twitter"":""https://twitter.com/lightboxlondon"",""facebook"":""https://www.facebook.com/lightboxlondon/"",""instagram"":""https://www.instagram.com/lightboxlondon/"",""yelp"":""https://www.yelp.com/biz/the-lightbox-london""}",https://www.facebook.com/lightboxlondon/,https://www.instagram.com/lightboxlondon/,https://twitter.com/lightboxlondon,https://www.yelp.com/biz/the-lightbox-london
Popworld - Watling Street,"17 Watling St, City of London, London EC4M 9BB, Великобритания",17 Watling St,"City of London, London","Ночной клуб,Бар,Комната отдыха",+44 20 7248 5641,"020 7248 5641, +44 20 7248 5641",YES,872,4.6,https://search.google.com/local/reviews?placeid=ChIJuTu7GN0FdkgRIWeTBGrg-Ww&q=London+night+club&authuser=0&hl=ru&gl=FR,https://www.google.com/maps?cid=7852554171245094689,51.5130997,-0.0945379,https://www.popworldparty.co.uk/london-watling-st?utm_source=gmb&utm_medium=organic&utm_campaign=homepage,popworldparty.co.uk,"среда:[Закрыто], четверг:[21:00–03:00], пятница:[21:00–04:00], суббота:[20:00–04:00], воскресенье:[Закрыто], понедельник:[Закрыто], вторник:[Закрыто]",https://lh5.googleusercontent.com/p/AF1QipMsKqQIMWgw5yDnBaTThDFfp7dTLdzqqJvjDw-H=w137-h92-k-no,7852554171245094689,ChIJuTu7GN0FdkgRIWeTBGrg-Ww,/g/11f9ytm4b5,9C3XGW74+65,https://www.google.com/search?kgmid=/g/11f9ytm4b5,"datarequest@stonegatepubs.com,c.datarequest@stonegatepubs.com,stonegateenquiries@stonegategroup.co.uk,datarequest@stonegategroup.co.uk,customer.feedback@stonegategroup.co.uk,customer.feedback@stonegatepubs.com,appsupport@stonegatepubs.com,hello@mixr.co.uk,Popworld.LondonWatlingSt@stonegategroup.co.uk","{""instagram"":""https://www.instagram.com/popworldlondonwatlingst"",""facebook"":""https://facebook.com/stonegatepubs"",""twitter"":""https://twitter.com/stonegate_group"",""spotify"":""https://open.spotify.com/user/popworldbaby?si=f36b12027a224e83&nd=1&dlsi=aa5703709a004d1f"",""linkedin"":""https://www.linkedin.com/company/stonegategroup"",""yelp"":""https://www.yelp.com/biz/popworld-london-watling-st-london""}",https://facebook.com/stonegatepubs,https://www.instagram.com/popworldlondonwatlingst,https://twitter.com/stonegate_group,https://www.yelp.com/biz/popworld-london-watling-st-london
Privilege Entertainment Ltd,"Maitland Court, Lancaster Terrace, London W2 3PE, Великобритания",Maitland Court,Lancaster Terrace,"Агентство развлечений,Танцевальный клуб,Ночной клуб",+44 7805 727429,"07805 727429, +44 7805 727429",YES,72,4.4,https://search.google.com/local/reviews?placeid=ChIJx73UfU0FdkgROwXvlUgZHO0&q=London+night+club&authuser=0&hl=ru&gl=FR,https://www.google.com/maps?cid=17085558885880628539,51.5125411,-0.1760679,https://privilege-entertainment.com/,privilege-entertainment.com,"среда:[08:00–22:00], четверг:[08:00–22:00], пятница:[08:00–22:00], суббота:[08:00–22:00], воскресенье:[08:00–22:00], понедельник:[08:00–22:00], вторник:[08:00–22:00]",https://lh5.googleusercontent.com/p/AF1QipP0CXINw7sRS4a-5DlG6cYj3uNua0dY9KTwYg6_=w137-h92-k-no,17085558885880628539,ChIJx73UfU0FdkgROwXvlUgZHO0,/g/11b5w6jldq,9C3XGR7F+2H,https://www.google.com/search?kgmid=/g/11b5w6jldq,"francesco@privilege-entertainment.com,mikeentertaiment@yandex.com","{""facebook"":""https://www.facebook.com/privilegeentertainment/"",""twitter"":""https://www.twitter.com/privilegeprom"",""instagram"":""https://www.instagram.com/privilegeent/"",""youtube"":""https://www.youtube.com/channel/ucfanytp86f1bghnnz7j9jbq""}",https://www.facebook.com/privilegeentertainment/,https://www.instagram.com/privilegeent/,https://www.twitter.com/privilegeprom,
Phonox,"418 Brixton Rd, London SW9 7AY, Великобритания",418 Brixton Rd,London,"Ночной клуб,Бар,Клуб,Коктейль-бар,Диско-клуб,Диджей,Центр переговоров и мероприятий,Концертная площадка,Организатор праздников,Паб",+44 20 7095 9411,"020 7095 9411, +44 20 7095 9411",YES,988,4.3,https://search.google.com/local/reviews?placeid=ChIJ1Sf8rWcEdkgRDv0oKr7H6dg&q=London+night+club&authuser=0&hl=ru&gl=FR,https://www.google.com/maps?cid=15630243601331059982,51.464338299999994,-0.1146374,http://phonox.co.uk/,phonox.co.uk,"среда:[Закрыто], четверг:[Закрыто], пятница:[22:00–04:00], суббота:[22:00–04:00], воскресенье:[Закрыто], понедельник:[Закрыто], вторник:[Закрыто]",https://lh5.googleusercontent.com/p/AF1QipPhHFIpAuz5ff1hljrFQ1GYzKZ9jK5ursqcALed=w138-h92-k-no,15630243601331059982,ChIJ1Sf8rWcEdkgRDv0oKr7H6dg,/g/11c3q4jkhk,9C3XFV7P+P4,https://www.google.com/search?kgmid=/g/11c3q4jkhk,"lostproperty@phonox.co.uk,info@phonox.co.uk,info@saikoihibachi.com","{""facebook"":""https://www.facebook.com/phonoxlondon"",""twitter"":""https://twitter.com/phonox_london"",""instagram"":""https://instagram.com/phonoxlondon/"",""youtube"":""https://www.youtube.com/feed/history?utm_source=pp""}",https://www.facebook.com/phonoxlondon,https://instagram.com/phonoxlondon/,https://twitter.com/phonox_london,
Proud Late,"L, 8 Victoria Embankment, London WC2R 2AB, Великобритания",L,8 Victoria Embankment,Ночной клуб,XAfkZ9zJENjZkdUPsOrqYA,,YES,177,2.6,https://search.google.com/local/reviews?placeid=ChIJFaCjtuEFdkgRwkZOo6JU6k4&q=London+night+club&authuser=0&hl=ru&gl=FR,https://www.google.com/maps?cid=5686450537009923778,51.5099344,-0.1182945,https://www.proudlate.com/,proudlate.com,"среда:[Закрыто], четверг:[Закрыто], пятница:[23:30–05:00], суббота:[23:30–05:00], воскресенье:[Закрыто], понедельник:[Закрыто], вторник:[Закрыто]",https://lh5.googleusercontent.com/p/AF1QipMKOOdbr-dr5oTa0GSVHoLElVc6EXZfsG6lQ0s_DjWy=w122-h92-k-no,5686450537009923778,ChIJFaCjtuEFdkgRwkZOo6JU6k4,/g/11skl5xw86,9C3XGV5J+XM,https://www.google.com/search?kgmid=/g/11skl5xw86,,,,,,
Luxe Club,"1 Shaver's Pl, London W1D 7AE, Великобритания",1 Shaver's Pl,London,Ночной клуб,+44 20 7930 1885,"020 7930 1885, +44 20 7930 1885",NO,29,2.8,https://search.google.com/local/reviews?placeid=ChIJieC01tMEdkgRYm3hI0-g0mU&q=London+night+club&authuser=0&hl=ru&gl=FR,https://www.google.com/maps?cid=7337103004704796002,51.5100179,-0.1325153,,,,https://lh5.googleusercontent.com/p/AF1QipPeW99BFejM6TudozQdqAuc05IftOHnBE9rJf-g=w80-h142-k-no,7337103004704796002,ChIJieC01tMEdkgRYm3hI0-g0mU,/g/11c52skz1x,9C3XGV68+2X,https://www.google.com/search?kgmid=/g/11c52skz1x,,"{""facebook"":""https://www.facebook.com/luxeclublondon/""}",https://www.facebook.com/luxeclublondon/,,,
Zoo Bar & Club,"13-17 Bear St, London WC2H 7AQ, Великобритания",13-17 Bear St,London,"Ночной клуб,Коктейль-бар",+44 20 3325 9739,"020 3325 9739, +44 20 3325 9739",YES,3683,3.5,https://search.google.com/local/reviews?placeid=ChIJm8X-9M0EdkgR7OfNHW6yApM&q=London+night+club&authuser=0&hl=ru&gl=FR,https://www.google.com/maps?cid=10593225459545008108,51.510895999999995,-0.129072,http://www.zoobar.co.uk/,zoobar.co.uk,"среда:[16:00–03:00], четверг:[16:00–03:00], пятница:[14:00–03:00], суббота:[14:00–03:00], воскресенье:[16:00–01:00], понедельник:[16:00–03:00], вторник:[16:00–03:00]",https://lh5.googleusercontent.com/p/AF1QipPdNwnWYvVkIUVtkK817uVUi7OoAzTWd8WV6Ylq=w122-h92-k-no,10593225459545008108,ChIJm8X-9M0EdkgR7OfNHW6yApM,/g/1w0q_cyn,9C3XGV6C+99,https://www.google.com/search?kgmid=/g/1w0q_cyn,"corporateevents@sbg-london.com,reservations@sbg-london.com,zoobar@novusleisure.com,info@saikoihibachi.com,events@joo-bar.com","{""instagram"":""https://instagram.com/zoobar_london"",""facebook"":""https://www.facebook.com/zoobarblues/videos/458920628259878/""}",https://www.facebook.com/zoobarblues/videos/458920628259878/,https://instagram.com/zoobar_london,,
Beduin Smithfields,"55-57 Charterhouse St, London EC1M 6HA, Великобритания",55-57 Charterhouse St,London,"Ночной клуб,Бар,Комната отдыха",+44 20 7336 6484,"020 7336 6484, +44 20 7336 6484",YES,176,4.1,https://search.google.com/local/reviews?placeid=ChIJsTsVOlIbdkgRKj_beoKRwCo&q=London+night+club&authuser=0&hl=ru&gl=FR,https://www.google.com/maps?cid=3080622134714384170,51.519202799999995,-0.1035844,https://www.beduinbar.co.uk/smithfields?utm_source=gmb&utm_medium=organic&utm_campaign=homepage,beduinbar.co.uk,"среда:[Закрыто], четверг:[22:00–04:00], пятница:[22:00–05:00], суббота:[22:00–05:00], воскресенье:[Закрыто], понедельник:[Закрыто], вторник:[Закрыто]",https://lh5.googleusercontent.com/p/AF1QipOSLztOH50zydUktP4UzeFpvdD2m1PpKmA3t8I=w137-h92-k-no,3080622134714384170,ChIJsTsVOlIbdkgRKj_beoKRwCo,/g/1vj5zppg,9C3XGV9W+MH,https://www.google.com/search?kgmid=/g/1vj5zppg,"beduin.smithfields@stonegategroup.co.uk,datarequest@stonegatepubs.com,c.datarequest@stonegatepubs.com,stonegateenquiries@stonegategroup.co.uk,datarequest@stonegategroup.co.uk,customer.feedback@stonegategroup.co.uk,customer.feedback@stonegatepubs.com,appsupport@stonegatepubs.com,hello@mixr.co.uk,info@saikoihibachi.com","{""facebook"":""https://facebook.com/stonegatepubs"",""twitter"":""https://twitter.com/stonegate_group"",""instagram"":""https://www.instagram.com/beduinlondon/"",""linkedin"":""https://www.linkedin.com/company/stonegategroup""}",https://facebook.com/stonegatepubs,https://www.instagram.com/beduinlondon/,https://twitter.com/stonegate_group,
Lux Guest List,"83-87 Crawford Street, W1H 2HB, London W1H 2JQ, Великобритания","83-87 Crawford Street, W1H 2HB",London,Ночной клуб,+44 7775 092749,"07775 092749, +44 7775 092749",YES,21,3.7,https://search.google.com/local/reviews?placeid=ChIJtZY4h8obdkgR5lO_feQkxes&q=London+night+club&authuser=0&hl=ru&gl=FR,https://www.google.com/maps?cid=16989025733105898470,51.5191119,-0.16252149999999999,http://luxguestlist.com/,luxguestlist.com,"среда:[24 часа в сутки], четверг:[24 часа в сутки], пятница:[24 часа в сутки], суббота:[24 часа в сутки], воскресенье:[24 часа в сутки], понедельник:[24 часа в сутки], вторник:[24 часа в сутки]",https://lh5.googleusercontent.com/p/AF1QipOvoTefh_40ViImKAna1_7MPEqQoZMW2b9Co13u=w138-h92-k-no,16989025733105898470,ChIJtZY4h8obdkgR5lO_feQkxes,/g/11h5rr98v2,9C3XGR9P+JX,https://www.google.com/search?kgmid=/g/11h5rr98v2,"vip@luxguestlist.com,director@luxguestlist.com","{""facebook"":""https://www.facebook.com/london.lux.guestlist"",""twitter"":""https://twitter.com/luxguestlist"",""youtube"":""https://www.youtube.com/channel/uccl743cgubfwk14ows6zowq"",""instagram"":""https://www.instagram.com/luxguestlist/""}",https://www.facebook.com/london.lux.guestlist,https://www.instagram.com/luxguestlist/,https://twitter.com/luxguestlist,
Tabu London,"1 Dover St, London W1S 4LD, Великобритания",1 Dover St,London,Ночной клуб,+44 20 3150 0051,"020 3150 0051, +44 20 3150 0051",YES,177,3.1,https://search.google.com/local/reviews?placeid=ChIJWSKo3ZcFdkgRiUzzLqgPX6s&q=London+night+club&authuser=0&hl=ru&gl=FR,https://www.google.com/maps?cid=12348605918289808521,51.507736699999995,-0.14125179999999998,http://tabulondon.com/,tabulondon.com,"среда:[23:00–03:30], четверг:[23:00–03:30], пятница:[23:00–03:30], суббота:[23:00–03:30], воскресенье:[Закрыто], понедельник:[Закрыто], вторник:[Закрыто]",https://lh5.googleusercontent.com/p/AF1QipND8_XI1yI6BvmLRXuF70No4CwaYHaAv4FNECmx=w80-h120-k-no,12348605918289808521,ChIJWSKo3ZcFdkgRiUzzLqgPX6s,/g/11rcdjx4q0,9C3XGV55+3F,https://www.google.com/search?kgmid=/g/11rcdjx4q0,"garry@tabulondon.com,info@tabltd.co.uk","{""instagram"":""https://www.instagram.com/tabu.ldn/"",""linkedin"":""https://uk.linkedin.com/company/tabu-london"",""facebook"":""https://www.facebook.com/p/tab%c5%aa-london-100076154797997/?paipv=0&eav=afy-kpih_pre4dd3ptakdbyaxdpiwy5ygzy01e0-rigy-xu145uaznthbrvtz322-xe&_rdr""}",https://www.facebook.com/p/tab%c5%aa-london-100076154797997/?paipv=0&eav=afy-kpih_pre4dd3ptakdbyaxdpiwy5ygzy01e0-rigy-xu145uaznthbrvtz322-xe&_rdr,https://www.instagram.com/tabu.ldn/,,
Electrowerkz,"7 Torrens St, London EC1V 1NQ, Великобритания",7 Torrens St,London,"Ночной клуб,Бар,Конференц-центр,Концертная площадка,Место проведения мероприятий,Дворец бракосочетания/ЗАГС",+44 20 3976 6669,"020 3976 6669, +44 20 3976 6669",YES,1121,4.5,https://search.google.com/local/reviews?placeid=ChIJv5caz1wbdkgR8Vf-Fl4qu6I&q=London+night+club&authuser=0&hl=ru&gl=FR,https://www.google.com/maps?cid=11726012638390278129,51.532536799999995,-0.1050417,http://www.electrowerkz.co.uk/,electrowerkz.co.uk,"среда:[Закрыто], четверг:[Закрыто], пятница:[22:00–00:00], суббота:[00:00–06:00], воскресенье:[00:00–06:00], понедельник:[Закрыто], вторник:[Закрыто]",https://lh5.googleusercontent.com/p/AF1QipPS3sUD5MuPXrVutPV_geavmjdNRja-ABqwJm7W=w138-h92-k-no,11726012638390278129,ChIJv5caz1wbdkgR8Vf-Fl4qu6I,/m/0ljhvwb,9C3XGVMV+2X,https://www.google.com/search?kgmid=/m/0ljhvwb,"enquiries@electrowerkz.co.uk,terry@turbomgmt.co.uk,lost@electrowerkz.co.uk,access@electrowerkz.co.uk","{""youtube"":""https://www.youtube.com/watch?v=rvjo08bn1i4"",""yelp"":""https://www.yelp.com/biz/electrowerkz-london"",""facebook"":""https://www.facebook.com/electrowerkz"",""twitter"":""https://twitter.com/electrowerkz"",""instagram"":""https://www.instagram.com/electrowerkz_/""}",https://www.facebook.com/electrowerkz,https://www.instagram.com/electrowerkz_/,https://twitter.com/electrowerkz,https://www.yelp.com/biz/electrowerkz-london
Le Fez,"200 Upper Richmond Rd, London SW15 2SH, Великобритания",200 Upper Richmond Rd,London,"Ночной клуб,Бар,Коктейль-бар,Танцевальный клуб",+44 20 3475 2654,"020 3475 2654, +44 20 3475 2654",YES,410,3.3,https://search.google.com/local/reviews?placeid=ChIJs5o0IhIPdkgRSc3TgB1m30o&q=London+night+club&authuser=0&hl=ru&gl=FR,https://www.google.com/maps?cid=5395143155514592585,51.4608397,-0.2166632,https://www.lefez.co.uk/putney/,lefez.co.uk,"среда:[Закрыто], четверг:[22:00–03:00], пятница:[22:00–04:00], суббота:[22:00–04:00], воскресенье:[Закрыто], понедельник:[Закрыто], вторник:[Закрыто]",https://lh5.googleusercontent.com/p/AF1QipOzyyuY-pmUdUq256XasqySsJWCpxX5iVHKV-v2=w138-h92-k-no,5395143155514592585,ChIJs5o0IhIPdkgRSc3TgB1m30o,/g/1tdklq3g,9C3XFQ6M+88,https://www.google.com/search?kgmid=/g/1tdklq3g,"info@lefez.co.uk,Promotions@lefez.co.uk,Unsubscribe@eclecticbars.co.uk,info@eclecticbars.co.uk","{""facebook"":""https://www.facebook.com/lefezputney/"",""twitter"":""https://twitter.com/lefezputney"",""instagram"":""https://www.instagram.com/lefezputney/"",""tiktok"":""https://www.tiktok.com/@lefezputney""}",https://www.facebook.com/lefezputney/,https://www.instagram.com/lefezputney/,https://twitter.com/lefezputney,
Tramp,"40 Jermyn St, London SW1Y 6DN, Великобритания",40 Jermyn St,London,"Ночной клуб,Коктейль-бар,Клуб,Ресторан",+44 20 7734 0565,"020 7734 0565, +44 20 7734 0565",YES,251,4.1,https://search.google.com/local/reviews?placeid=ChIJfUFi89YEdkgRBU8YNJbz_3o&q=London+night+club&authuser=0&hl=ru&gl=FR,https://www.google.com/maps?cid=8863070418133077765,51.5081834,-0.1377581,http://www.tramp.co.uk/,tramp.co.uk,"среда:[19:00–03:00], четверг:[19:00–03:00], пятница:[19:00–03:00], суббота:[19:00–03:00], воскресенье:[Закрыто], понедельник:[Закрыто], вторник:[Закрыто]",https://lh5.googleusercontent.com/p/AF1QipNShJ7T-mDWEpn_pIQFapT80Zv2wB_BjukO6GmN=w137-h92-k-no,8863070418133077765,ChIJfUFi89YEdkgRBU8YNJbz_3o,/m/0272nt3,9C3XGV56+7V,https://www.google.com/search?kgmid=/m/0272nt3,info@saikoihibachi.com,,,,,
Platinum Lace London | Leicester Square,"14 Leicester Square, London WC2H 7NG, Великобритания",14 Leicester Square,London,"Ночной клуб,Бар,Клуб для взрослых",+44 20 7434 3034,"020 7434 3034, +44 20 7434 3034",YES,486,4.5,https://search.google.com/local/reviews?placeid=ChIJCzDncdIEdkgRIRjHBv3s_78&q=London+night+club&authuser=0&hl=ru&gl=FR,https://www.google.com/maps?cid=13835037151790045217,51.511102,-0.129684,http://www.platinumlace.co.uk/london-leicester-sq/,platinumlace.co.uk,"среда:[00:00–06:00], четверг:[00:00–06:00], пятница:[00:00–06:00], суббота:[00:00–06:00], воскресенье:[00:00–06:00], понедельник:[00:00–03:00], вторник:[00:00–06:00]",https://lh5.googleusercontent.com/p/AF1QipNdH_ec_ZZk0ULGzRdnX-y0pvKJWHOvHndyvHmc=w137-h92-k-no,13835037151790045217,ChIJCzDncdIEdkgRIRjHBv3s_78,/g/11by__tg69,9C3XGV6C+C4,https://www.google.com/search?kgmid=/g/11by__tg69,"datacontroller@platinumlace.co.uk,brighton@platinumlace.co.uk","{""twitter"":""https://twitter.com/platinumlacelsq"",""facebook"":""https://www.facebook.com/platinumlacelsq/"",""instagram"":""https://www.instagram.com/platinumlace/"",""yelp"":""https://www.yelp.com/biz/platinum-lace-london-3""}",https://www.facebook.com/platinumlacelsq/,https://www.instagram.com/platinumlace/,https://twitter.com/platinumlacelsq,https://www.yelp.com/biz/platinum-lace-london-3
The London Reign,"215, 217 Piccadilly, London W1J 9HN, Великобритания",215,217 Piccadilly,Ночной клуб,+44 20 7434 3046,"020 7434 3046, +44 20 7434 3046",YES,405,2.5,https://search.google.com/local/reviews?placeid=ChIJRd8gVdEEdkgRZ5pRXH_ltfk&q=London+night+club&authuser=0&hl=ru&gl=FR,https://www.google.com/maps?cid=17993540221401143911,51.5095198,-0.1349582,http://www.thelondonreign.com/,thelondonreign.com,"среда:[Закрыто], четверг:[23:00–04:00], пятница:[23:00–04:00], суббота:[23:00–04:00], воскресенье:[Закрыто], понедельник:[Закрыто], вторник:[23:00–04:00]",https://lh5.googleusercontent.com/p/AF1QipMq9CHq6i4lYMeRyXUry4lBp9ojqHrQLfOm6jJ-=w80-h106-k-no,17993540221401143911,ChIJRd8gVdEEdkgRZ5pRXH_ltfk,/g/11f57t8zt9,9C3XGV58+R2,https://www.google.com/search?kgmid=/g/11f57t8zt9,"scott@strongarmhospitality.com,reservations@thelondonreign.com","{""instagram"":""https://www.instagram.com/ldnreign/"",""facebook"":""https://www.facebook.com/ldnreign/?locale=en_gb"",""youtube"":""https://www.youtube.com/channel/ucw5mpj28ut9awuo09jlk4kg"",""linkedin"":""https://uk.linkedin.com/company/the-london-reign-showclub""}",https://www.facebook.com/ldnreign/?locale=en_gb,https://www.instagram.com/ldnreign/,,
Pier One Night Spot,"162 Bidder St N, London E16 4ST, Великобритания",162 Bidder St N,London,Ночной клуб,+44 20 3551 8001,"020 3551 8001, +44 20 3551 8001",YES,155,3.5,https://search.google.com/local/reviews?placeid=ChIJxam31_6n2EcRLmWeSheYFF0&q=London+night+club&authuser=0&hl=ru&gl=FR,https://www.google.com/maps?cid=6707152970865075502,51.519710599999996,0.0032814999999999997,http://www.pieronenightspot.co.uk/,pieronenightspot.co.uk,,https://lh5.googleusercontent.com/p/AF1QipOwgi14qZxTZ6uh71A2eoMjpIO4F4dy9lslVgKP=w122-h92-k-no,6707152970865075502,ChIJxam31_6n2EcRLmWeSheYFF0,/g/11bzsyfp4t,9F32G293+V8,https://www.google.com/search?kgmid=/g/11bzsyfp4t,info@pieronemigration.muwagroup.co.uk,"{""facebook"":""https://www.facebook.com/pieronenightspot/"",""twitter"":""https://twitter.com/pieronenightspo""}",https://www.facebook.com/pieronenightspot/,,https://twitter.com/pieronenightspo,
Platinum Lace London | Piccadilly Circus,"13 Coventry St, Piccadilly, London W1D 7DH, Великобритания",13 Coventry St,Piccadilly,"Ночной клуб,Клуб для взрослых",+44 20 7297 3200,"020 7297 3200, +44 20 7297 3200",YES,574,4.4,https://search.google.com/local/reviews?placeid=ChIJL9282tMEdkgRVF0ZcphVxtc&q=London+night+club&authuser=0&hl=ru&gl=FR,https://www.google.com/maps?cid=15548208876780870996,51.510345699999995,-0.1327573,http://www.platinumlace.co.uk/london-coventry-st,platinumlace.co.uk,"среда:[00:00–06:00], четверг:[00:00–06:00], пятница:[00:00–06:00], суббота:[00:00–06:00], воскресенье:[00:00–06:00], понедельник:[00:00–03:00], вторник:[00:00–06:00]",https://lh5.googleusercontent.com/p/AF1QipMc3IFTpl0OT02pecd822m3n6UER3xQBUc3d_o2=w138-h92-k-no,15548208876780870996,ChIJL9282tMEdkgRVF0ZcphVxtc,/g/1td1pbts,9C3XGV68+4V,https://www.google.com/search?kgmid=/g/1td1pbts,datacontroller@platinumlace.co.uk,"{""yelp"":""https://www.yelp.com/biz/platinum-lace-london-3"",""instagram"":""https://www.instagram.com/platinumlace/"",""twitter"":""https://www.twitter.com/platinumlacew1"",""facebook"":""https://www.facebook.com/platinumlacelondon/""}",https://www.facebook.com/platinumlacelondon/,https://www.instagram.com/platinumlace/,https://www.twitter.com/platinumlacew1,https://www.yelp.com/biz/platinum-lace-london-3
Bootylicious London last Saturday of the month,"Club Union, 66 Albert Embankment, London SE1 7TP, Великобритания",Club Union,66 Albert Embankment,Диско-клуб,+44 7446 297080,"07446 297080, +44 7446 297080",YES,28,4.4,https://search.google.com/local/reviews?placeid=ChIJ63ji7O8EdkgRKdeaCaxTdHo&q=London+night+club&authuser=0&hl=ru&gl=FR,https://www.google.com/maps?cid=8823769568286267177,51.4869578,-0.1228789,https://bootyldn.com/,bootyldn.com,,https://lh5.googleusercontent.com/p/AF1QipMcGVUCXjK8qwoxfEuL5jxa94vaqVAmivCbnRX2=w122-h92-k-no,8823769568286267177,ChIJ63ji7O8EdkgRKdeaCaxTdHo,/g/1vcl37b1,9C3XFVPG+QR,https://www.google.com/search?kgmid=/g/1vcl37b1,BootyliciousLondon@gmail.com,"{""instagram"":""https://www.instagram.com/bootyldn/"",""spotify"":""https://open.spotify.com/playlist/1peghyp2ouhn3leuoiyiv4?si=lqedq5y-ssmgxdkqeejcew&nd=1#login""}",,https://www.instagram.com/bootyldn/,,
Wyld Club,"35 Hertford St, London W1J 7SD, Великобритания",35 Hertford St,London,Ночной клуб,+44 7971 241586,"07971 241586, +44 7971 241586",YES,118,3.7,https://search.google.com/local/reviews?placeid=ChIJ4S8a9qoFdkgRmthEbKc7T3E&q=London+night+club&authuser=0&hl=ru&gl=FR,https://www.google.com/maps?cid=8164810239708027034,51.505423799999996,-0.1498688,http://wyldclub.com/,wyldclub.com,"среда:[Закрыто], четверг:[23:00–04:00], пятница:[23:00–04:00], суббота:[23:00–04:00], воскресенье:[23:00–04:00], понедельник:[Закрыто], вторник:[Закрыто]",https://lh5.googleusercontent.com/p/AF1QipMYOJYNAHyyf1gK4Ig-vwvXnLCw0sI_kA33tWXv=w138-h92-k-no,8164810239708027034,ChIJ4S8a9qoFdkgRmthEbKc7T3E,/g/11rscjr01p,9C3XGV42+53,https://www.google.com/search?kgmid=/g/11rscjr01p,info@saikoihibachi.com,,,,,
Club49Soho,"49 Greek St, London W1D 4EG, Великобритания",49 Greek St,London,"Ночной клуб,Бар,Коктейль-бар,Концертная площадка",+44 20 7439 4159,"020 7439 4159, +44 20 7439 4159",YES,560,2.9,https://search.google.com/local/reviews?placeid=ChIJCQq-xtIEdkgRJaQWw0dw9FI&q=London+night+club&authuser=0&hl=ru&gl=FR,https://www.google.com/maps?cid=5977526058945520677,51.5140387,-0.1309728,http://www.club49soho.com/,club49soho.com,"среда:[19:00–03:00], четверг:[19:00–03:00], пятница:[18:30–03:00], суббота:[18:30–03:00], воскресенье:[Закрыто], понедельник:[19:00–03:00], вторник:[19:00–03:00]",https://lh5.googleusercontent.com/p/AF1QipNSlSOOITdUF76qy_h3i9t3WtZSpl570eA6xdGJ=w138-h92-k-no,5977526058945520677,ChIJCQq-xtIEdkgRJaQWw0dw9FI,/g/11hv48wlh,9C3XGV79+JJ,https://www.google.com/search?kgmid=/g/11hv48wlh,"info@club49soho.com,jobs@club49soho.com","{""facebook"":""https://www.facebook.com/andrebranneypriv/posts/964576510931640"",""instagram"":""https://instagram.com/club49soho"",""yelp"":""https://www.yelp.com/biz/club-49-london""}",https://www.facebook.com/andrebranneypriv/posts/964576510931640,https://instagram.com/club49soho,,https://www.yelp.com/biz/club-49-london
Queen of Hoxton,"1 Curtain Rd, London EC2A 3JX, Великобритания",1 Curtain Rd,London,"Ночной клуб,Бар,Ресторан поздних завтраков,Место проведения мероприятий,Бар с живой музыкой,Концертная площадка,Коктейль-бар,Ресторан",+44 20 7422 0958,"020 7422 0958, +44 20 7422 0958",YES,3564,3.9,https://search.google.com/local/reviews?placeid=ChIJuRFCz7EcdkgRJhtzI4Y11Tg&q=London+night+club&authuser=0&hl=ru&gl=FR,https://www.google.com/maps?cid=4095238286399970086,51.522097099999996,-0.0811529,https://queenofhoxton.com/,queenofhoxton.com,"среда:[17:00–00:00], четверг:[17:00–02:00], пятница:[17:00–02:00], суббота:[18:00–02:00], воскресенье:[Закрыто], понедельник:[Закрыто], вторник:[17:00–00:00]",https://lh5.googleusercontent.com/p/AF1QipMnXKIDsLU9kA7vVMa_GYh_gl8KUNOvFtKnkDs6=w138-h92-k-no,4095238286399970086,ChIJuRFCz7EcdkgRJhtzI4Y11Tg,/m/0lr46vf,9C3XGWC9+RG,https://www.google.com/search?kgmid=/m/0lr46vf,"Manager@queenofhoxton.com,jessye@mothershipgroup.com,adam@mothershipgroup.com,jack@mothershipgroup.com,anushka@mothershipgroup.com,info@saikoihibachi.com","{""instagram"":""https://www.instagram.com/queenofhoxtonldn/"",""tiktok"":""https://www.tiktok.com/@queenofhoxtonldn"",""facebook"":""https://www.facebook.com/thequeenofhoxton/"",""twitter"":""https://twitter.com/_queenofhoxton_"",""yelp"":""https://www.yelp.com/biz/the-queen-of-hoxton-london"",""youtube"":""https://www.youtube.com/queenofhoxton""}",https://www.facebook.com/thequeenofhoxton/,https://www.instagram.com/queenofhoxtonldn/,https://twitter.com/_queenofhoxton_,https://www.yelp.com/biz/the-queen-of-hoxton-london
Embargo Republica,"533b King's Rd, London SW10 0TZ, Великобритания",533b King's Rd,London,"Ночной клуб,Бар,Коктейль-бар,Танцевальный клуб",+44 20 3475 2653,"020 3475 2653, +44 20 3475 2653",YES,404,3.7,https://search.google.com/local/reviews?placeid=ChIJfc2Arn0FdkgR8E9-vGjt-y0&q=London+night+club&authuser=0&hl=ru&gl=FR,https://www.google.com/maps?cid=3313502984955908080,51.4802099,-0.1853746,https://www.embargorepublica.com/,embargorepublica.com,"среда:[22:00–02:00], четверг:[22:00–02:00], пятница:[22:00–03:00], суббота:[22:00–03:00], воскресенье:[Закрыто], понедельник:[Закрыто], вторник:[Закрыто]",https://lh5.googleusercontent.com/p/AF1QipPCJyqT8uJjXJdbVjzQLJCgWOUL0HYqtsW65H8-=w92-h92-k-no,3313502984955908080,ChIJfc2Arn0FdkgR8E9-vGjt-y0,/g/1v_s5c6h,9C3XFRJ7+3V,https://www.google.com/search?kgmid=/g/1v_s5c6h,"promotions@embargorepublica.com,Unsubscribe@eclecticbars.co.uk,info@eclecticbars.co.uk,enquiries@embargorepublica.com","{""facebook"":""https://www.facebook.com/embargorepublica"",""twitter"":""https://twitter.com/embargorpblca"",""instagram"":""https://instagram.com/embargorepublica/"",""tiktok"":""https://www.tiktok.com/@embargo_republica"",""yelp"":""https://www.yelp.com/biz/embargo-republica-london""}",https://www.facebook.com/embargorepublica,https://instagram.com/embargorepublica/,https://twitter.com/embargorpblca,https://www.yelp.com/biz/embargo-republica-london
"The Windmill Soho | Restaurant, Cabaret & Nightclub in Soho, London","17-19 Great Windmill St, London W1D 7JZ, Великобритания",17-19 Great Windmill St,London,"Ночной клуб,Кабаре,Ресторан",+44 20 7183 2199,"020 7183 2199, +44 20 7183 2199",YES,527,3.9,https://search.google.com/local/reviews?placeid=ChIJ4ztQYRgFdkgRdCs0hWqNmKU&q=London+night+club&authuser=0&hl=ru&gl=FR,https://www.google.com/maps?cid=11932442701358967668,51.511342799999994,-0.1341173,https://thewindmillsoho.com/,thewindmillsoho.com,"среда:[Закрыто], четверг:[23:00–05:30], пятница:[23:00–05:30], суббота:[15:00–17:00], воскресенье:[Закрыто], понедельник:[Закрыто], вторник:[Закрыто]",https://lh5.googleusercontent.com/p/AF1QipMsy4IHmfWRGKnvZLbMuvOhuAlDP_JEJJHANWNp=w80-h106-k-no,11932442701358967668,ChIJ4ztQYRgFdkgRdCs0hWqNmKU,/g/11ry35kzq9,9C3XGV68+G9,https://www.google.com/search?kgmid=/g/11ry35kzq9,info@thewindmillsoho.com,,,,,
FOLD,"gillian house, Stephenson St, London E16 4SA, Великобритания",gillian house,Stephenson St,"Ночной клуб,Концертная площадка",XAfkZ9zJENjZkdUPsOrqYA,,YES,1283,4.5,https://search.google.com/local/reviews?placeid=ChIJVVWVwv6n2EcRnotyALvJJ-U&q=London+night+club&authuser=0&hl=ru&gl=FR,https://www.google.com/maps?cid=16512388363780787102,51.5190322,0.0037579999999999996,https://www.fold.london/tickets,fold.london,"среда:[Закрыто], четверг:[Закрыто], пятница:[22:00–00:00], суббота:[00:00–06:00], воскресенье:[00:00–06:00], понедельник:[Закрыто], вторник:[Закрыто]",https://lh5.googleusercontent.com/p/AF1QipO49mnX1GtLiAmzECMvAXecoziM-PDKX1pOPx5a=w122-h92-k-no,16512388363780787102,ChIJVVWVwv6n2EcRnotyALvJJ-U,/g/11hc_vp267,9F32G293+JG,https://www.google.com/search?kgmid=/g/11hc_vp267,"info@fold.london,lostandfound@fold.london,locations@fold.london,gemma@fold.london,tech@fold.london,Gema@fold.london","{""instagram"":""https://www.instagram.com/resident_advisor/"",""facebook"":""https://www.facebook.com/residentadvisor"",""youtube"":""https://www.youtube.com/residentadvisor"",""twitter"":""https://twitter.com/residentadvisor""}",https://www.facebook.com/residentadvisor,https://www.instagram.com/resident_advisor/,https://twitter.com/residentadvisor,
Circa Embankment,"Hungerford House, Victoria Embankment, London WC2N 6PA, Великобритания",Hungerford House,Victoria Embankment,"Гей- и лесби-клуб,Концертная площадка,Комната отдыха",cwfkZ4-xM7mgkdUP24yomQc,,YES,129,3.5,https://search.google.com/local/reviews?placeid=ChIJJYgcxRwFdkgRxflaLKaS_bk&q=London+night+club&authuser=0&hl=ru&gl=FR,https://www.google.com/maps?cid=13402029308530850245,51.507222899999995,-0.12213589999999999,https://www.babybullgroup.com/,babybullgroup.com,"среда:[Закрыто], четверг:[Закрыто], пятница:[22:00–04:00], суббота:[22:00–04:00], воскресенье:[Закрыто], понедельник:[Закрыто], вторник:[Закрыто]",https://lh5.googleusercontent.com/p/AF1QipM6_92W1_LvwAeIFYSe6s4Kch62YS6lexUq92yb=w163-h92-k-no,13402029308530850245,ChIJJYgcxRwFdkgRxflaLKaS_bk,/g/11g0qnnlwg,9C3XGV4H+V4,https://www.google.com/search?kgmid=/g/11g0qnnlwg,"edgarjunior16@icloud.com,contabilidade@rodriguescontabeis.com.br","{""instagram"":""https://www.instagram.com/circaembankment/"",""facebook"":""https://www.facebook.com/staceeeeeeeyy/posts/2608118765986351""}",https://www.facebook.com/staceeeeeeeyy/posts/2608118765986351,https://www.instagram.com/circaembankment/,,
The Roxy,"3-5 Rathbone Pl, London W1T 1HJ, Великобритания",3-5 Rathbone Pl,London,"Ночной клуб,Коктейль-бар,Диско-клуб,Бар с живой музыкой,Бар",+44 20 7255 1098,"020 7255 1098, +44 20 7255 1098",YES,683,3.3,https://search.google.com/local/reviews?placeid=ChIJKxXG7iwbdkgRWKtXHkNZnqE&q=London+night+club&authuser=0&hl=ru&gl=FR,https://www.google.com/maps?cid=11645843831233424216,51.516644799999995,-0.1330285,http://www.theroxy.co.uk/,theroxy.co.uk,"среда:[17:00–03:00], четверг:[17:00–03:00], пятница:[17:00–03:30], суббота:[17:00–03:30], воскресенье:[Закрыто], понедельник:[Закрыто], вторник:[17:00–03:00]",https://lh5.googleusercontent.com/p/AF1QipPGMXR13lhQEFIszkiNQGDvcT38ioFrnen3NsIz=w138-h92-k-no,11645843831233424216,ChIJKxXG7iwbdkgRWKtXHkNZnqE,/m/02z5p_r,9C3XGV88+MQ,https://www.google.com/search?kgmid=/m/02z5p_r,info@theroxy.co.uk,"{""facebook"":""https://www.facebook.com/theroxylondon/"",""instagram"":""https://www.instagram.com/theroxylondon"",""tiktok"":""https://www.tiktok.com/@theroxylondon"",""youtube"":""https://www.youtube.com/watch?v=b34lvt3shi4"",""yelp"":""https://www.yelp.com/biz/the-roxy-london-2"",""twitter"":""https://twitter.com/theroxylondon""}",https://www.facebook.com/theroxylondon/,https://www.instagram.com/theroxylondon,https://twitter.com/theroxylondon,https://www.yelp.com/biz/the-roxy-london-2
Brixton Jamm,"261 Brixton Rd, London SW9 6LH, Великобритания",261 Brixton Rd,London,"Ночной клуб,Бар,Фуд-корт,Концертная площадка",+44 20 7274 5537,"020 7274 5537, +44 20 7274 5537",YES,636,3.7,https://search.google.com/local/reviews?placeid=ChIJq-uxj2EEdkgRufx1MttGaEg&q=London+night+club&authuser=0&hl=ru&gl=FR,https://www.google.com/maps?cid=5217498075567094969,51.4706445,-0.1122555,https://www.brixtonjamm.org/,brixtonjamm.org,,https://lh5.googleusercontent.com/p/AF1QipMJjEpXOfbP34MLOiUP2M-WsK14IaTRMegIPVfy=w138-h92-k-no,5217498075567094969,ChIJq-uxj2EEdkgRufx1MttGaEg,/m/0k2vq93,9C3XFVCQ+73,https://www.google.com/search?kgmid=/m/0k2vq93,"info@brixtonjamm.org,bookings@brixtonjamm.org","{""facebook"":""https://www.facebook.com/brixtonjamm"",""instagram"":""https://www.instagram.com/brixtonjamm/"",""tiktok"":""https://www.tiktok.com/@brixtonjamm"",""yelp"":""https://www.yelp.com/biz/brixton-jamm-london""}",https://www.facebook.com/brixtonjamm,https://www.instagram.com/brixtonjamm/,,https://www.yelp.com/biz/brixton-jamm-london
LA Lounge(HACIENDA),"Bell Ln, Dock Rd, London E16 2AB, Великобритания",Bell Ln,Dock Rd,"Ночной клуб,Комната отдыха,Ресторан",+44 20 7474 7201,"020 7474 7201, +44 20 7474 7201",YES,585,3.4,https://search.google.com/local/reviews?placeid=ChIJNY6bxBGo2EcRHdki3C4taQA&q=London+night+club&authuser=0&hl=ru&gl=FR,https://www.google.com/maps?cid=29604551839635741,51.5045852,0.0175362,http://www.lalounge.co.uk/,lalounge.co.uk,"среда:[Закрыто], четверг:[Закрыто], пятница:[23:00–05:00], суббота:[23:00–05:00], воскресенье:[23:00–05:00], понедельник:[Закрыто], вторник:[Закрыто]",https://lh5.googleusercontent.com/p/AF1QipMioOow_4Rh6Z0sLVc9HD6z1pUJFzpEPklKTaKI=w138-h92-k-no,29604551839635741,ChIJNY6bxBGo2EcRHdki3C4taQA,/g/1hm2c_qf0,9F32G239+R2,https://www.google.com/search?kgmid=/g/1hm2c_qf0,"Enquiry@lalounge.co.uk,enquiry@lalounge.co.uk","{""facebook"":""https://www.facebook.com/guvnorbar2/"",""instagram"":""https://www.instagram.com/laloungeuk/"",""twitter"":""https://twitter.com/laloungeuk""}",https://www.facebook.com/guvnorbar2/,https://www.instagram.com/laloungeuk/,https://twitter.com/laloungeuk,
Stringfellows,"16-19 Upper St Martin's Ln, London WC2H 9EF, Великобритания",16-19 Upper St Martin's Ln,London,"Ночной клуб,Коктейль-бар,Диско-клуб,Клуб для взрослых,Ресторан",+44 20 7993 6941,"020 7993 6941, +44 20 7993 6941",YES,124,4.2,https://search.google.com/local/reviews?placeid=ChIJnRPOqc0EdkgR5-6bGTaRqkk&q=London+night+club&authuser=0&hl=ru&gl=FR,https://www.google.com/maps?cid=5308214772353461991,51.512265799999994,-0.12677539999999998,https://stringfellows.com/,stringfellows.com,"среда:[21:00–04:30], четверг:[21:00–04:30], пятница:[21:00–04:30], суббота:[21:00–04:30], воскресенье:[20:00–03:00], понедельник:[21:00–04:30], вторник:[21:00–04:30]",https://lh5.googleusercontent.com/p/AF1QipNgmjO_F1KAmNK0UaqaH5Qepsaus0WspG4bOqf4=w138-h92-k-no,5308214772353461991,ChIJnRPOqc0EdkgR5-6bGTaRqkk,/g/1tfhz1l3,9C3XGV6F+W7,https://www.google.com/search?kgmid=/g/1tfhz1l3,"reception@stringfellows.com,reservations@stringfellows.com","{""instagram"":""https://www.instagram.com/stringfellowsuk/"",""facebook"":""https://www.facebook.com/stringfellowsclub"",""linkedin"":""https://www.linkedin.com/company/stringfellowsuk"",""twitter"":""https://twitter.com/stringfellows""}",https://www.facebook.com/stringfellowsclub,https://www.instagram.com/stringfellowsuk/,https://twitter.com/stringfellows,
Lost In Disco,"310 Uxbridge Rd, London W12 7LJ, Великобритания",310 Uxbridge Rd,London,Ночной клуб,cwfkZ4-xM7mgkdUP24yomQc,,NO,1,5,https://search.google.com/local/reviews?placeid=ChIJdS0eUdIPdkgRkjcZGOJbdQk&q=London+night+club&authuser=0&hl=ru&gl=FR,https://www.google.com/maps?cid=681551945241540498,51.506392299999995,-0.23168409999999998,,,,https://streetviewpixels-pa.googleapis.com/v1/thumbnail?panoid=6c866UolfFg8strbHiZKZQ&cb_client=search.gws-prod.gps&w=80&h=92&yaw=349.99237&pitch=0&thumbfov=100,681551945241540498,ChIJdS0eUdIPdkgRkjcZGOJbdQk,/g/11t5_9jz3q,9C3XGQ49+H8,https://www.google.com/search?kgmid=/g/11t5_9jz3q,,"{""facebook"":""https://www.facebook.com/events/310-uxbridge-rd-london-w12-7lj/lost-in-disco/1345828942711291/""}",https://www.facebook.com/events/310-uxbridge-rd-london-w12-7lj/lost-in-disco/1345828942711291/,,,
Tropix,"10 Clapham High St, London SW4 7UT, Великобритания",10 Clapham High St,London,"Ночной клуб,Ресторан поздних завтраков,Коктейль-бар,Ресторан,Ресторан южноамериканской кухни,Тики-бар",+44 20 7097 1244,"020 7097 1244, +44 20 7097 1244",YES,1336,4.2,https://search.google.com/local/reviews?placeid=ChIJlcLPUukFdkgRDpTFJXxzQrY&q=London+night+club&authuser=0&hl=ru&gl=FR,https://www.google.com/maps?cid=13133186440412632078,51.4650095,-0.1304699,https://tropixlondon.com/,tropixlondon.com,"среда:[17:00–03:00], четверг:[17:00–03:00], пятница:[17:00–03:00], суббота:[14:00–03:00], воскресенье:[15:00–03:00], понедельник:[17:00–03:00], вторник:[17:00–03:00]",https://lh5.googleusercontent.com/p/AF1QipOUPjmJ1D2Y87UnCwpDQlSg1ZWi06DXQrTknczv=w138-h92-k-no,13133186440412632078,ChIJlcLPUukFdkgRDpTFJXxzQrY,/g/11h51jv1h1,9C3XFV89+2R,https://www.google.com/search?kgmid=/g/11h51jv1h1,info@tropixldn.com,"{""facebook"":""https://www.facebook.com/tropix"",""instagram"":""https://www.instagram.com/tropix"",""twitter"":""https://www.twitter.com/tropix""}",https://www.facebook.com/tropix,https://www.instagram.com/tropix,https://www.twitter.com/tropix,
Sophisticats Soho,"5-7 Brewer St, London W1F 0RF, Великобритания",5-7 Brewer St,London,"Ночной клуб,Бар,Комната отдыха,Клуб для взрослых",+44 20 7224 4488,"020 7224 4488, +44 20 7224 4488",YES,391,4,https://search.google.com/local/reviews?placeid=ChIJjXUUSTAFdkgRrjoYdG1YrPY&q=London+night+club&authuser=0&hl=ru&gl=FR,https://www.google.com/maps?cid=17774679056446929582,51.512429499999996,-0.13358399999999998,http://socats.co.uk/,socats.co.uk,"среда:[22:00–03:00], четверг:[22:00–03:00], пятница:[22:00–03:00], суббота:[22:00–03:00], воскресенье:[Закрыто], понедельник:[22:00–03:00], вторник:[22:00–03:00]",https://lh5.googleusercontent.com/p/AF1QipMNevTc2X7gPA24c8N-sRkKDS3LObV5s1A_E_HW=w138-h92-k-no,17774679056446929582,ChIJjXUUSTAFdkgRrjoYdG1YrPY,/g/11mtrts1wz,9C3XGV68+XH,https://www.google.com/search?kgmid=/g/11mtrts1wz,"enquiries@OscarRomero.co.uk,Elaine.kopikatts@gmail.com","{""youtube"":""https://www.youtube.com/feed/history?utm_source=pp""}",,,,
The Clapham Grand,"The Clapham Grand, 21-25, St John's Hl, London SW11 1TT, Великобритания",21-25,St John's Hl,"Ночной клуб,Бар,Клуб,Комедийный клуб,Центр переговоров и мероприятий,Концертная площадка,Кинотеатр,Место проведения мероприятий,Организатор праздников,Спорт-бар",+44 20 7223 6523,"020 7223 6523, +44 20 7223 6523",YES,1584,4.3,https://search.google.com/local/reviews?placeid=ChIJkxJl-JkFdkgRAYUgM8Qigiw&q=London+night+club&authuser=0&hl=ru&gl=FR,https://www.google.com/maps?cid=3207164110707918081,51.4630982,-0.169399,http://www.claphamgrand.com/,claphamgrand.com,"среда:[09:00–22:30], четверг:[09:00–22:30], пятница:[09:00–22:30], суббота:[09:00–03:00], воскресенье:[Закрыто], понедельник:[09:00–17:30], вторник:[09:00–22:30]",https://lh5.googleusercontent.com/p/AF1QipMfotEo6CcVMJDAvDY86klua22g5SQrt3vrUkR0=w122-h92-k-no,3207164110707918081,ChIJkxJl-JkFdkgRAYUgM8Qigiw,/m/011x5pf8,9C3XFR7J+66,https://www.google.com/search?kgmid=/m/011x5pf8,"info@claphamgrand.com,info@claphamgrand.com.com,info@claphamgrand.builtwithplot.com,access@claphamgrand.com","{""facebook"":""https://www.facebook.com/theclaphamgrand/videos/the-clapham-grand-a-grand-reopening/618062822217705/"",""twitter"":""https://twitter.com/theclaphamgrand"",""instagram"":""https://www.instagram.com/theclaphamgrand/"",""yelp"":""https://www.yelp.com/biz/the-clapham-grand-london?start=20""}",https://www.facebook.com/theclaphamgrand/videos/the-clapham-grand-a-grand-reopening/618062822217705/,https://www.instagram.com/theclaphamgrand/,https://twitter.com/theclaphamgrand,https://www.yelp.com/biz/the-clapham-grand-london?start=20
La Pollera Colora,"4-6 London Bridge St, London SE1 9SG, Великобритания",4-6 London Bridge St,London,"Ночной клуб,Бар",+44 20 3355 3684,"020 3355 3684, +44 20 3355 3684",YES,257,3.2,https://search.google.com/local/reviews?placeid=ChIJLYFWsFADdkgRbLbmiAfBQjE&q=London+night+club&authuser=0&hl=ru&gl=FR,https://www.google.com/maps?cid=3549611694427125356,51.5054504,-0.08854959999999999,http://www.lapolleracolora.com/,lapolleracolora.com,"среда:[Закрыто], четверг:[Закрыто], пятница:[22:00–03:00], суббота:[22:00–04:00], воскресенье:[Закрыто], понедельник:[Закрыто], вторник:[Закрыто]",https://lh5.googleusercontent.com/p/AF1QipP3K590Rsg23ndIYzOapWBfKHdhSbSoI2eV3Rzx=w138-h92-k-no,3549611694427125356,ChIJLYFWsFADdkgRbLbmiAfBQjE,/g/1tdw7jcf,9C3XGW46+5H,https://www.google.com/search?kgmid=/g/1tdw7jcf,lapolleracolorauk@gmail.com,"{""facebook"":""https://www.facebook.com/cliser.ramostorres/posts/5217083035083679"",""instagram"":""https://www.instagram.com/lapolleracolorauk/"",""yelp"":""https://www.yelp.com/biz/la-pollera-colora-london""}",https://www.facebook.com/cliser.ramostorres/posts/5217083035083679,https://www.instagram.com/lapolleracolorauk/,,https://www.yelp.com/biz/la-pollera-colora-london
Night Tales,"14 Bohemia Pl, London E8 1DU, Великобритания",14 Bohemia Pl,London,"Ночной клуб,Бар,Место проведения мероприятий,Концертная площадка,Коктейль-бар",cwfkZ4-xM7mgkdUP24yomQc,,YES,1093,4.2,https://search.google.com/local/reviews?placeid=ChIJC4E83OccdkgRyIQBNbTalwA&q=London+night+club&authuser=0&hl=ru&gl=FR,https://www.google.com/maps?cid=42743189001569480,51.5473594,-0.052832699999999996,http://nighttales.co.uk/,nighttales.co.uk,"среда:[Закрыто], четверг:[Закрыто], пятница:[19:00–03:00], суббота:[18:00–03:00], воскресенье:[Закрыто], понедельник:[Закрыто], вторник:[Закрыто]",https://lh5.googleusercontent.com/p/AF1QipPK0_BKG7sm3tfagQVzky8mzO7uH8WSML27iz0H=w137-h92-k-no,42743189001569480,ChIJC4E83OccdkgRyIQBNbTalwA,/g/11c3tqb7c6,9C3XGWWW+WV,https://www.google.com/search?kgmid=/g/11c3tqb7c6,info@nighttales.co.uk,"{""yelp"":""https://www.yelp.com/biz/night-tales-london"",""instagram"":""https://instagram.com/nighttalesldn"",""tiktok"":""https://www.tiktok.com/@nighttalesldn?_t=8a7fkkpnvdg&_r=1""}",,https://instagram.com/nighttalesldn,,https://www.yelp.com/biz/night-tales-london
Raffles Chelsea,"287 King's Rd, London SW3 5EW, Великобритания",287 King's Rd,London,Ночной клуб,+44 20 3011 3287,"020 3011 3287, +44 20 3011 3287",NO,276,2.7,https://search.google.com/local/reviews?placeid=ChIJexMDrm8FdkgR8KbcnKFJFig&q=London+night+club&authuser=0&hl=ru&gl=FR,https://www.google.com/maps?cid=2888577169475020528,51.485333499999996,-0.1737107,http://www.raffleschelsea.com/,raffleschelsea.com,"среда:[22:00–05:00], четверг:[22:00–05:00], пятница:[22:00–05:00], суббота:[22:00–05:00], воскресенье:[Закрыто], понедельник:[Закрыто], вторник:[Закрыто]",https://lh5.googleusercontent.com/p/AF1QipN24WDFHF33mzOgRE49-0a2t-TbQFBvuphJZ6vX=w163-h92-k-no,2888577169475020528,ChIJexMDrm8FdkgR8KbcnKFJFig,/g/1tfjvrmq,9C3XFRPG+4G,https://www.google.com/search?kgmid=/g/1tfjvrmq,"events@raffleschelsea.com,info@raffleschelsea.com,jacob@raffleschelsea.com","{""facebook"":""https://www.facebook.com/raffleschelsea"",""instagram"":""https://www.instagram.com/raffleschelsea""}",https://www.facebook.com/raffleschelsea,https://www.instagram.com/raffleschelsea,,
Dalston Superstore,"117 Kingsland High St, London E8 2PB, Великобритания",117 Kingsland High St,London,"Ночной клуб,Художественная галерея,Кафе,Гей-бар,Ресторан",+44 20 7254 2273,"020 7254 2273, +44 20 7254 2273",YES,623,3.7,https://search.google.com/local/reviews?placeid=ChIJqwqSMYwcdkgRo4O_kJSAqaI&q=London+night+club&authuser=0&hl=ru&gl=FR,https://www.google.com/maps?cid=11721040880780411811,51.5500979,-0.07539839999999999,http://www.dalstonsuperstore.com/,dalstonsuperstore.com,"среда:[16:00–02:00], четверг:[16:00–02:30], пятница:[16:00–04:00], суббота:[12:00–04:00], воскресенье:[12:00–01:00], понедельник:[17:00–00:00], вторник:[16:00–00:00]",https://lh5.googleusercontent.com/p/AF1QipMGcIKnhlhCehjG1eDo3dT-ojjxyWtJHtpNSwlv=w122-h92-k-no,11721040880780411811,ChIJqwqSMYwcdkgRo4O_kJSAqaI,/g/1pv2bz2y6,9C3XHW2F+2R,https://www.google.com/search?kgmid=/g/1pv2bz2y6,"hello@dalstonsuperstore.com,jobs@dalstonsuperstore.com","{""instagram"":""https://www.instagram.com/dsuperstore/"",""twitter"":""https://twitter.com/dsuperstore?lang=en"",""facebook"":""https://www.facebook.com/dalstonsuperstore/"",""yelp"":""https://www.yelp.com/biz/dalston-superstore-london""}",https://www.facebook.com/dalstonsuperstore/,https://www.instagram.com/dsuperstore/,https://twitter.com/dsuperstore?lang=en,https://www.yelp.com/biz/dalston-superstore-london
Thai Night London,"170 Shaftesbury Ave, London WC2H 8JB, Великобритания",170 Shaftesbury Ave,London,Ночной клуб,+44 20 7839 3000,"020 7839 3000, +44 20 7839 3000",YES,1,5,https://search.google.com/local/reviews?placeid=ChIJ4952nakFdkgRevNvr1t05iY&q=London+night+club&authuser=0&hl=ru&gl=FR,https://www.google.com/maps?cid=2803055755218908026,51.5143894,-0.1274688,http://thainight.london/,thainight.london,"среда:[Закрыто], четверг:[Закрыто], пятница:[22:00–02:00], суббота:[22:00–02:00], воскресенье:[Закрыто], понедельник:[Закрыто], вторник:[Закрыто]",https://streetviewpixels-pa.googleapis.com/v1/thumbnail?panoid=PoZZGMFHjfiC_Vw9TqwrYg&cb_client=search.gws-prod.gps&w=80&h=92&yaw=138.73029&pitch=0&thumbfov=100,2803055755218908026,ChIJ4952nakFdkgRevNvr1t05iY,/g/11h7c_d2pw,9C3XGV7F+Q2,https://www.google.com/search?kgmid=/g/11h7c_d2pw,info@saikoihibachi.com,"{""yelp"":""https://www.yelp.com/biz/thai-square-london-39"",""facebook"":""https://www.facebook.com/thaisquarecoventgarden/"",""twitter"":""https://twitter.com/thaisquaregroup"",""instagram"":""https://www.instagram.com/thaisquaregroup/"",""youtube"":""https://www.youtube.com/channel/ucqsoftli-4a9cn9-pttoapq"",""pinterest"":""https://uk.pinterest.com/thaisquaregroup/""}",https://www.facebook.com/thaisquarecoventgarden/,https://www.instagram.com/thaisquaregroup/,https://twitter.com/thaisquaregroup,https://www.yelp.com/biz/thai-square-london-39
Electric Dreams,"109 Cannon St, City of London, London EC4A 4AN, Великобритания",109 Cannon St,"City of London, London","Ночной клуб,Бар",+44 20 7626 8246,"020 7626 8246, +44 20 7626 8246",YES,5,4.6,https://search.google.com/local/reviews?placeid=ChIJwahm4kQDdkgRhQSD6U77g04&q=London+night+club&authuser=0&hl=ru&gl=FR,https://www.google.com/maps?cid=5657641873251173509,51.5117009,-0.0896593,http://www.facebook.com/groups/electricd,facebook.com,"среда:[Закрыто], четверг:[Закрыто], пятница:[21:00–01:00], суббота:[Закрыто], воскресенье:[Закрыто], понедельник:[Закрыто], вторник:[Закрыто]",https://lh5.googleusercontent.com/p/AF1QipPvwMT6zNB9BaO5O28UYNbnakLBISPGlxzAShww=w140-h92-k-no,5657641873251173509,ChIJwahm4kQDdkgRhQSD6U77g04,/g/1tg4w9jr,9C3XGW66+M4,https://www.google.com/search?kgmid=/g/1tg4w9jr,,"{""facebook"":""https://www.facebook.com/events/471503398625037/""}",https://www.facebook.com/events/471503398625037/,,,
TEN London,"29 High Holborn, London WC1V 6AZ, Великобритания",29 High Holborn,London,"Ночной клуб,Бар,Агентство по организации и проведению мероприятий,Место проведения мероприятий",+44 20 4568 5889,"020 4568 5889, +44 20 4568 5889",YES,156,1.8,https://search.google.com/local/reviews?placeid=ChIJMfhpwBsbdkgRn-gXh7S9w8c&q=London+night+club&authuser=0&hl=ru&gl=FR,https://www.google.com/maps?cid=14394557417064491167,51.518429999999995,-0.1131629,,,"среда:[Закрыто], четверг:[Закрыто], пятница:[23:00–04:00], суббота:[23:00–04:00], воскресенье:[Закрыто], понедельник:[Закрыто], вторник:[Закрыто]",https://lh5.googleusercontent.com/p/AF1QipOT4jtbtBrFCtL4hnrzRGjf-o3T-9i1SHesG6w=w137-h92-k-no,14394557417064491167,ChIJMfhpwBsbdkgRn-gXh7S9w8c,/g/11ngl0212j,9C3XGV9P+9P,https://www.google.com/search?kgmid=/g/11ngl0212j,,,,,,
ATM London,"32-38 Leman St, London E1 8EW, Великобритания",32-38 Leman St,London,Ночной клуб,cwfkZ4-xM7mgkdUP24yomQc,,YES,14,4.7,https://search.google.com/local/reviews?placeid=ChIJCfFwpCQbdkgR6J-ElRQpnU8&q=London+night+club&authuser=0&hl=ru&gl=FR,https://www.google.com/maps?cid=5736786668724461544,51.513948199999994,-0.07099369999999999,http://www.atmldn.com/,atmldn.com,"среда:[Закрыто], четверг:[Закрыто], пятница:[Закрыто], суббота:[21:00–04:00], воскресенье:[Закрыто], понедельник:[Закрыто], вторник:[Закрыто]",https://lh5.googleusercontent.com/p/AF1QipOuSURCE-fDMnCkk3keLvabN6H62yOEdm-r716N=w80-h100-k-no,5736786668724461544,ChIJCfFwpCQbdkgR6J-ElRQpnU8,/g/11jzc3ltlw,9C3XGW7H+HJ,https://www.google.com/search?kgmid=/g/11jzc3ltlw,info@saikoihibachi.com,,,,,
St Moritz Club,"159 Wardour St, London W1F 8WH, Великобритания",159 Wardour St,London,Ночной клуб,+44 20 7734 3324,"020 7734 3324, +44 20 7734 3324",YES,77,3.9,https://search.google.com/local/reviews?placeid=ChIJcYIPV9MEdkgRp3x-mL_9vKU&q=London+night+club&authuser=0&hl=ru&gl=FR,https://www.google.com/maps?cid=11942699311218719911,51.5145035,-0.13487649999999998,http://www.stmoritzclub.co.uk/,stmoritzclub.co.uk,"среда:[Закрыто], четверг:[22:00–03:00], пятница:[20:00–03:00], суббота:[20:00–03:00], воскресенье:[Закрыто], понедельник:[Закрыто], вторник:[Закрыто]",https://lh5.googleusercontent.com/p/AF1QipMJmUZGAnnZNmLoufW4i8FuTXOP2KA-em4fUfPg=w122-h92-k-no,11942699311218719911,ChIJcYIPV9MEdkgRp3x-mL_9vKU,/g/1tg4w9l6,9C3XGV78+R2,https://www.google.com/search?kgmid=/g/1tg4w9l6,,"{""facebook"":""https://www.facebook.com/stmoritzclub/"",""yelp"":""https://www.yelp.com/biz/st-moritz-club-london""}",https://www.facebook.com/stmoritzclub/,,,https://www.yelp.com/biz/st-moritz-club-london
The Underground Club,"37 Wharfdale Rd., London N1 9SD, Великобритания",37 Wharfdale Rd.,London,"Гей- и лесби-клуб,Ночной клуб",+44 20 7278 3294,"020 7278 3294, +44 20 7278 3294",YES,43,3.7,https://search.google.com/local/reviews?placeid=ChIJPxW1qj8bdkgRB-sohwAR_qw&q=London+night+club&authuser=0&hl=ru&gl=FR,https://www.google.com/maps?cid=12465419512573389575,51.533409999999996,-0.12094759999999999,https://www.undergroundclublondon.co.uk/,undergroundclublondon.co.uk,"среда:[17:00–00:00], четверг:[12:00–00:00], пятница:[17:00–01:00], суббота:[17:00–01:00], воскресенье:[12:00–00:00], понедельник:[12:00–00:00], вторник:[17:00–00:00]",https://lh5.googleusercontent.com/p/AF1QipPEs2V5HXEYthpCJqalTPyQvzo-owsG-RcvKX8h=w163-h92-k-no,12465419512573389575,ChIJPxW1qj8bdkgRB-sohwAR_qw,/g/11c3k6gcx7,9C3XGVMH+9J,https://www.google.com/search?kgmid=/g/11c3k6gcx7,email@centralstation.co.uk,"{""facebook"":""https://www.facebook.com/theundergroundclubldn/about_contact_and_basic_info/""}",https://www.facebook.com/theundergroundclubldn/about_contact_and_basic_info/,,,
Maggie's Club,"329 Fulham Rd., London SW10 9QL, Великобритания",329 Fulham Rd.,London,"Диско-клуб,Бар,Клуб,Место проведения мероприятий",+44 20 7352 8512,"020 7352 8512, +44 20 7352 8512",YES,494,3.4,https://search.google.com/local/reviews?placeid=ChIJX_PWW2QFdkgRpdpsGY46VPc&q=London+night+club&authuser=0&hl=ru&gl=FR,https://www.google.com/maps?cid=17821934007398226597,51.486253899999994,-0.1801258,http://www.maggies-club.com/,maggies-club.com,"среда:[Закрыто], четверг:[22:30–02:30], пятница:[22:00–03:30], суббота:[22:00–03:30], воскресенье:[Закрыто], понедельник:[Закрыто], вторник:[Закрыто]",https://lh5.googleusercontent.com/p/AF1QipOvKg_NUT7tp_YaBLGAljoiGHtHYkZE7ZrNbov7=w138-h92-k-no,17821934007398226597,ChIJX_PWW2QFdkgRpdpsGY46VPc,/g/11xqzg7y3,9C3XFRP9+GW,https://www.google.com/search?kgmid=/g/11xqzg7y3,"ateam@maggies-club.com,hello@inception-group.com,events@inception-group.com,hiring@inception-group.com,press@inception-group.com","{""spotify"":""https://open.spotify.com/playlist/2stojhg3atnuf4dvlbvluh?si=308820d70824443c&nd=1&dlsi=0e364cd865734010"",""instagram"":""https://www.instagram.com/inception_group"",""facebook"":""https://www.facebook.com/maggiesclub/"",""twitter"":""https://twitter.com/maggies_club"",""linkedin"":""https://www.linkedin.com/company/inception-group-london"",""yelp"":""https://www.yelp.com/biz/maggies-london""}",https://www.facebook.com/maggiesclub/,https://www.instagram.com/inception_group,https://twitter.com/maggies_club,https://www.yelp.com/biz/maggies-london
Freedom Bar,"60-66 Wardour St, London W1F 0TA, Великобритания",60-66 Wardour St,London,"Ночной клуб,Бар,Кабаре,Коктейль-бар,Гей-бар",+44 20 7434 9413,"020 7434 9413, +44 20 7434 9413",YES,1089,3.8,https://search.google.com/local/reviews?placeid=ChIJt_gQDNMEdkgR5YkXvN2sxxk&q=London+night+club&authuser=0&hl=ru&gl=FR,https://www.google.com/maps?cid=1857643439657028069,51.5127789,-0.1333064,http://www.freedombarsoho.com/,freedombarsoho.com,"среда:[16:00–03:00], четверг:[16:00–03:00], пятница:[14:00–03:00], суббота:[14:00–03:00], воскресенье:[16:00–22:30], понедельник:[16:00–03:00], вторник:[16:00–03:00]",https://lh5.googleusercontent.com/p/AF1QipO3jI2Js33Kube7kfPeow_lNv_tZa8A6OMfGb8j=w163-h92-k-no,1857643439657028069,ChIJt_gQDNMEdkgR5YkXvN2sxxk,/g/1tsr2p4t,9C3XGV78+4M,https://www.google.com/search?kgmid=/g/1tsr2p4t,info@freedombarsoho.com,"{""facebook"":""https://www.facebook.com/freedombarsoho"",""twitter"":""https://twitter.com/freedombarsoho"",""instagram"":""https://www.instagram.com/p/dhvpefbcmyu/""}",https://www.facebook.com/freedombarsoho,https://www.instagram.com/p/dhvpefbcmyu/,https://twitter.com/freedombarsoho,
Хоум-хаус,"20 Portman Square, London W1H 6LW, Великобритания",20 Portman Square,London,"Ночной клуб,Бар,Ресторан британской кухни,Клуб,Организация праздников и мероприятий,Место проведения мероприятий,Клуб по интересам,Дворец бракосочетания/ЗАГС",+44 20 7670 2000,"020 7670 2000, +44 20 7670 2000",YES,2197,4.5,https://search.google.com/local/reviews?placeid=ChIJ-6B7wswadkgRw-HR2U5akbw&q=London+night+club&authuser=0&hl=ru&gl=FR,https://www.google.com/maps?cid=13587740845461856707,51.516191199999994,-0.1565813,https://homehouse.co.uk/,homehouse.co.uk,"среда:[07:00–02:00], четверг:[07:00–02:00], пятница:[07:00–03:00], суббота:[07:00–03:00], воскресенье:[08:00–00:00], понедельник:[07:00–00:00], вторник:[07:00–02:00]",https://lh5.googleusercontent.com/p/AF1QipPOecPqTC4IgzdfSCADkTpV0ZWIX-OoAOK46q_Q=w122-h92-k-no,13587740845461856707,ChIJ-6B7wswadkgRw-HR2U5akbw,/m/03m9x5n,9C3XGR8V+F9,https://www.google.com/search?kgmid=/m/03m9x5n,"reservations@homehouse.co.uk,events@homehouse.co.uk,info@homegrownclub.co.uk","{""yelp"":""https://www.yelp.com/biz/home-house-london-2"",""facebook"":""https://facebook.com/homehouselondon/"",""twitter"":""https://twitter.com/homehouselondon"",""instagram"":""https://instagram.com/homehouselondon/?hl=en"",""linkedin"":""https://linkedin.com/company/home-house/"",""youtube"":""https://youtube.com/channel/uccuepbmipsyaz6kywnjdodw""}",https://facebook.com/homehouselondon/,https://instagram.com/homehouselondon/?hl=en,https://twitter.com/homehouselondon,https://www.yelp.com/biz/home-house-london-2
The Scotch of St James,"13 Masons Yard, London SW1Y 6BU, Великобритания",13 Masons Yard,London,"Ночной клуб,Бар,Коктейль-бар",+44 20 7930 7031,"020 7930 7031, +44 20 7930 7031",YES,157,3.3,https://search.google.com/local/reviews?placeid=ChIJraM15dYEdkgRTZAshdz3-vI&q=London+night+club&authuser=0&hl=ru&gl=FR,https://www.google.com/maps?cid=17508579027855380557,51.5077346,-0.1369187,http://www.the-scotch.co.uk/,the-scotch.co.uk,"среда:[Закрыто], четверг:[23:00–05:00], пятница:[23:00–05:00], суббота:[23:00–05:00], воскресенье:[Закрыто], понедельник:[Закрыто], вторник:[Закрыто]",https://lh5.googleusercontent.com/p/AF1QipOSGJhYrN6iQrLKTHZakeE5vrz4fjZ4Bdf-o-pb=w115-h92-k-no,17508579027855380557,ChIJraM15dYEdkgRTZAshdz3-vI,/m/027hhxy,9C3XGV57+36,https://www.google.com/search?kgmid=/m/027hhxy,info@saikoihibachi.com,"{""yelp"":""https://www.yelp.com/biz/the-scotch-of-st-james-london"",""facebook"":""https://www.facebook.com/thescotchofstjames/"",""twitter"":""https://twitter.com/scotchstjames""}",https://www.facebook.com/thescotchofstjames/,,https://twitter.com/scotchstjames,https://www.yelp.com/biz/the-scotch-of-st-james-london
Fantazya,"69 Albert Embankment, London SE1 7TP, Великобритания",69 Albert Embankment,London,Ночной клуб,+44 20 7091 0012,"020 7091 0012, +44 20 7091 0012",NO,57,3.6,https://search.google.com/local/reviews?placeid=ChIJDcMcoO4EdkgRy6hzH8QWf5A&q=London+night+club&authuser=0&hl=ru&gl=FR,https://www.google.com/maps?cid=10412065895100950731,51.4874273,-0.12286029999999999,,,"среда:[Закрыто], четверг:[Закрыто], пятница:[02:00–08:00], суббота:[02:00–08:00], воскресенье:[Закрыто], понедельник:[Закрыто], вторник:[Закрыто]",https://lh5.googleusercontent.com/p/AF1QipPEFa5Hbmb56ryHABvz_bYGdIpZWE5fm1DxJSf7=w138-h92-k-no,10412065895100950731,ChIJDcMcoO4EdkgRy6hzH8QWf5A,/g/11ddwx3csc,9C3XFVPG+XV,https://www.google.com/search?kgmid=/g/11ddwx3csc,,,,,,
Ashtar,"81 Albert Embankment, London SE1 7TL, Великобритания",81 Albert Embankment,London,Диско-клуб,+44 7483 347766,"07483 347766, +44 7483 347766",YES,320,3.6,https://search.google.com/local/reviews?placeid=ChIJ51sOZq8FdkgRrU-OkXbLH6o&q=London+night+club&authuser=0&hl=ru&gl=FR,https://www.google.com/maps?cid=12258740420834381741,51.4882369,-0.1228151,,,"среда:[00:30–06:00], четверг:[00:30–06:00], пятница:[00:30–06:00], суббота:[00:30–06:00], воскресенье:[00:30–06:00], понедельник:[00:30–06:00], вторник:[00:30–06:00]",https://lh5.googleusercontent.com/p/AF1QipMgw3CenoC-QYiP4lmGYiASa4O54Afo0n6s0D6p=w138-h92-k-no,12258740420834381741,ChIJ51sOZq8FdkgRrU-OkXbLH6o,/g/1whdhtx9,9C3XFVQG+7V,https://www.google.com/search?kgmid=/g/1whdhtx9,,"{""yelp"":""https://www.yelp.com/biz/ashtar-bar-and-restaurant-london-2""}",,,,https://www.yelp.com/biz/ashtar-bar-and-restaurant-london-2
Trafik,"331 Old St, London EC1V 9LE, Великобритания",331 Old St,London,"Ночной клуб,Бар",+44 20 3325 9739,"020 3325 9739, +44 20 3325 9739",YES,349,2.9,https://search.google.com/local/reviews?placeid=ChIJuasAxrocdkgR5mzR0tESDp4&q=London+night+club&authuser=0&hl=ru&gl=FR,https://www.google.com/maps?cid=11389061200060968166,51.527031199999996,-0.0805444,,,"среда:[17:00–02:00], четверг:[17:00–02:00], пятница:[17:00–03:00], суббота:[15:00–03:00], воскресенье:[17:00–00:00], понедельник:[17:00–02:00], вторник:[17:00–02:00]",https://lh5.googleusercontent.com/p/AF1QipP18dv3HG6IfoU_1ShlmFo050WGHwBYRZ1-aY64=w138-h92-k-no,11389061200060968166,ChIJuasAxrocdkgR5mzR0tESDp4,/g/1t_kf_wh,9C3XGWG9+RQ,https://www.google.com/search?kgmid=/g/1t_kf_wh,,"{""yelp"":""https://www.yelp.com/biz/trafik-london-3"",""facebook"":""https://www.facebook.com/trafiklondon/"",""twitter"":""https://twitter.com/trafikbar"",""instagram"":""https://instagram.com/designmynight/"",""youtube"":""https://www.youtube.com/channel/ucp-ky6nc_1wz2pktxa2yqdw""}",https://www.facebook.com/trafiklondon/,https://instagram.com/designmynight/,https://twitter.com/trafikbar,https://www.yelp.com/biz/trafik-london-3
Disco Minge: Club Night,"2-4 Hoxton Square, London N1 6NU, Великобритания",2-4 Hoxton Square,London,Ночной клуб,iwfkZ8GhONyK7M8PiaeosAw,,NO,1,5,https://search.google.com/local/reviews?placeid=ChIJzXET0rocdkgR8FCqhU-146E&q=London+night+club&authuser=0&hl=ru&gl=FR,https://www.google.com/maps?cid=11665366812969292016,51.5275055,-0.0818959,,,,https://streetviewpixels-pa.googleapis.com/v1/thumbnail?panoid=FEHMBASCGqeym6BgTaILlg&cb_client=search.gws-prod.gps&w=80&h=92&yaw=357.2341&pitch=0&thumbfov=100,11665366812969292016,ChIJzXET0rocdkgR8FCqhU-146E,/g/11t4f0mn4v,9C3XGWH9+26,https://www.google.com/search?kgmid=/g/11t4f0mn4v,,,,,,
New Churchills Nightclub,"52-55 Piccadilly, London W1J 0DX, Великобритания",52-55 Piccadilly,London,"Ночной клуб,Клуб для взрослых",+44 20 7408 0226,"020 7408 0226, +44 20 7408 0226",YES,5,4.2,https://search.google.com/local/reviews?placeid=ChIJFTDYPdYEdkgR0ER021FyQ8A&q=London+night+club&authuser=0&hl=ru&gl=FR,https://www.google.com/maps?cid=13854042574621525200,51.508272299999994,-0.13982239999999999,,,"среда:[21:00–04:00], четверг:[21:00–04:00], пятница:[21:00–04:00], суббота:[Закрыто], воскресенье:[Закрыто], понедельник:[21:00–04:00], вторник:[21:00–04:00]",https://lh5.googleusercontent.com/p/AF1QipPPHUatrBwh1s01pP5NWo3TS_mqnDXK1B2_HRFd=w92-h92-k-no,13854042574621525200,ChIJFTDYPdYEdkgR0ER021FyQ8A,/g/1w9y0l0t,9C3XGV56+83,https://www.google.com/search?kgmid=/g/1w9y0l0t,,"{""yelp"":""https://www.yelp.com/biz/churchills-london-3""}",,,,https://www.yelp.com/biz/churchills-london-3
Naacho Night Club,"Bunker Club, 217 City Rd, London EC1V 1JN, Великобритания",Bunker Club,217 City Rd,Гей- и лесби-клуб,+44 843 707 5010,"0843 707 5010, +44 843 707 5010",YES,7,5,https://search.google.com/local/reviews?placeid=ChIJfXc66n0ddkgRS99tAOO6SdI&q=London+night+club&authuser=0&hl=ru&gl=FR,https://www.google.com/maps?cid=15152847905392287563,51.5283357,-0.0914774,http://www.naacho.co.uk/,naacho.co.uk,"среда:[Закрыто], четверг:[Закрыто], пятница:[Закрыто], суббота:[23:00–04:00], воскресенье:[Закрыто], понедельник:[Закрыто], вторник:[Закрыто]",https://streetviewpixels-pa.googleapis.com/v1/thumbnail?panoid=Nayj-iYILZg7XwJ36gHRSg&cb_client=search.gws-prod.gps&w=80&h=92&yaw=40.287025&pitch=0&thumbfov=100,15152847905392287563,ChIJfXc66n0ddkgRS99tAOO6SdI,/g/11s8w0t3_3,9C3XGWH5+8C,https://www.google.com/search?kgmid=/g/11s8w0t3_3,,,,,,
London Night Guide,,,,"Агентство по организации и проведению мероприятий,Service establishment",+44 7523 528885,"07523 528885, +44 7523 528885",YES,78,4.9,https://search.google.com/local/reviews?placeid=ChIJG61S1GADdkgRWCyF-cywJ-g&q=London+night+club&authuser=0&hl=ru&gl=FR,https://www.google.com/maps?cid=16728533735297068120,47.73855,12.508827499999999,http://www.londonnightguide.com/,londonnightguide.com,"среда:[24 часа в сутки], четверг:[24 часа в сутки], пятница:[24 часа в сутки], суббота:[24 часа в сутки], воскресенье:[24 часа в сутки], понедельник:[24 часа в сутки], вторник:[24 часа в сутки]",https://lh5.googleusercontent.com/p/AF1QipPRQ-4imW2kqZSZj8ijItc3xWwg1G1xFQF5Oz8e=w80-h106-k-no,16728533735297068120,ChIJG61S1GADdkgRWCyF-cywJ-g,/g/11q94wk30j,8FVJPGQ5+CG,https://www.google.com/search?kgmid=/g/11q94wk30j,"concierge@londonnightguide.com,info@londonnightguide.com","{""facebook"":""https://www.facebook.com/londonnightguide"",""instagram"":""https://www.instagram.com/londonnightguide/"",""twitter"":""https://twitter.com/home?status=tape club: https://londonnightguide.com/tape-club-guestlist/"",""pinterest"":""javascript:void((function()%7bvar%20e=document.createelement('script');e.setattribute('type','text/javascript');e.setattribute('charset','utf-8');e.setattribute('src','http://assets.pinterest.com/js/pinmarklet.js?r='+math.random()*99999999);document.body.appendchild(e)%7d)());"",""linkedin"":""https://www.linkedin.com/company/london-night-guide?report%2esuccess=kj_kkfgt..."",""youtube"":""https://www.youtube.com/channel/uc7knuteo6oy38kdbp-xwwrg""}",https://www.facebook.com/londonnightguide,https://www.instagram.com/londonnightguide/,https://twitter.com/home?status=tape club: https://londonnightguide.com/tape-club-guestlist/,
The Wayout Club London,"Zodiac Bar, 119 Hampstead Rd, London NW1 3EE, Великобритания",Zodiac Bar,119 Hampstead Rd,Ночной клуб,+44 7778 157290,"07778 157290, +44 7778 157290",YES,33,4.2,https://search.google.com/local/reviews?placeid=ChIJ0eRr1U0DdkgRIXx0csflcBg&q=London+night+club&authuser=0&hl=ru&gl=FR,https://www.google.com/maps?cid=1761160099083353121,51.5280718,-0.1387921,http://www.thewayoutclub.com/contact-us/,thewayoutclub.com,"среда:[Закрыто], четверг:[Закрыто], пятница:[Закрыто], суббота:[21:00–02:00], воскресенье:[Закрыто], понедельник:[Закрыто], вторник:[Закрыто]",https://lh5.googleusercontent.com/p/AF1QipM0Hlv8A4TiMREGthOeKHUdkTuCpa6v9HOfgRhJ=w80-h106-k-no,1761160099083353121,ChIJ0eRr1U0DdkgRIXx0csflcBg,/m/0274gr7,9C3XGVH6+6F,https://www.google.com/search?kgmid=/m/0274gr7,vicky-lee@thewayoutclub.com,"{""facebook"":""https://www.facebook.com/groups/thewayoutclublondon/"",""twitter"":""https://twitter.com/thewayoutclub"",""youtube"":""https://www.youtube.com/user/thewayoutclubuk""}",https://www.facebook.com/groups/thewayoutclublondon/,,https://twitter.com/thewayoutclub,
Portland Club,"17 Little Portland St, London W1W 8NE, Великобритания",17 Little Portland St,London,Ночной клуб,iwfkZ8GhONyK7M8PiaeosAw,,NO,4,4,https://search.google.com/local/reviews?placeid=ChIJVfBLfNUadkgR3Ut2J07_BxQ&q=London+night+club&authuser=0&hl=ru&gl=FR,https://www.google.com/maps?cid=1443402916730129373,51.5169958,-0.1418756,,,,https://lh5.googleusercontent.com/p/AF1QipP_pu3C_TqYqPicBCzigsizVtO-Jjcvfp0A2cIx=w122-h92-k-no,1443402916730129373,ChIJVfBLfNUadkgR3Ut2J07_BxQ,/g/1tz956zj,9C3XGV85+Q6,https://www.google.com/search?kgmid=/g/1tz956zj,,,,,,
151 Club,"151 King's Rd, London SW3 5TX, Великобритания",151 King's Rd,London,"Ночной клуб,Бар,Коктейль-бар,Танцевальный клуб",+44 20 7351 6826,"020 7351 6826, +44 20 7351 6826",YES,42,3.3,https://search.google.com/local/reviews?placeid=ChIJK6WcYmwFdkgRnzgHJhxR10I&q=London+night+club&authuser=0&hl=ru&gl=FR,https://www.google.com/maps?cid=4816407507834976415,51.487896,-0.1672304,http://www.151chelsea.com/,151chelsea.com,"среда:[23:00–03:00], четверг:[23:00–03:00], пятница:[23:00–03:00], суббота:[23:00–03:00], воскресенье:[Закрыто], понедельник:[23:00–03:00], вторник:[23:00–03:00]",https://lh5.googleusercontent.com/p/AF1QipNgjeLTy8kTIqqYN2wW4w5To9XA6ZYe2wOoYGyA=w80-h106-k-no,4816407507834976415,ChIJK6WcYmwFdkgRnzgHJhxR10I,/g/1tx4nv79,9C3XFRQM+54,https://www.google.com/search?kgmid=/g/1tx4nv79,info@151chelsea.com,"{""yelp"":""https://www.yelp.com/biz/151-club-london-3"",""facebook"":""https://www.facebook.com/the151club/""}",https://www.facebook.com/the151club/,,,https://www.yelp.com/biz/151-club-london-3
Exilio Latinx Party,"119 Hampstead Rd, London NW1 3EE, Великобритания",119 Hampstead Rd,London,Гей- и лесби-клуб,+44 7956 983230,"07956 983230, +44 7956 983230",YES,33,3.1,https://search.google.com/local/reviews?placeid=ChIJs724YK0EdkgR0UEeOJI3NQ0&q=London+night+club&authuser=0&hl=ru&gl=FR,https://www.google.com/maps?cid=951727997404987857,51.528098199999995,-0.1388892,https://exilio.co.uk/,exilio.co.uk,"среда:[Закрыто], четверг:[Закрыто], пятница:[Закрыто], суббота:[Закрыто], воскресенье:[22:00–04:00], понедельник:[Закрыто], вторник:[Закрыто]",https://lh5.googleusercontent.com/p/AF1QipOJ1UDATWH9-Suoy0am3ZOPEobQUYzPU1mxFMCu=w138-h92-k-no,951727997404987857,ChIJs724YK0EdkgR0UEeOJI3NQ0,/g/1tjyt2bp,9C3XGVH6+6C,https://www.google.com/search?kgmid=/g/1tjyt2bp,,"{""facebook"":""https://www.facebook.com/exiliolatinx/"",""twitter"":""https://twitter.com/exiliolatinx"",""instagram"":""https://www.instagram.com/exiliolatinx/""}",https://www.facebook.com/exiliolatinx/,https://www.instagram.com/exiliolatinx/,https://twitter.com/exiliolatinx,
Beatz London,"140 Leadenhall St, City of London, London EC3V 4QT, Великобритания",140 Leadenhall St,"City of London, London","Ночной клуб,Диско-клуб,Агентство по организации и проведению мероприятий",+44 7496 978396,"07496 978396, +44 7496 978396",YES,17,3.4,https://search.google.com/local/reviews?placeid=ChIJtz_Z3JcFdkgRz_yVjtohWbI&q=London+night+club&authuser=0&hl=ru&gl=FR,https://www.google.com/maps?cid=12851340234257202383,51.5135995,-0.08285379999999999,http://www.beatz.london/,beatz.london,"среда:[Закрыто], четверг:[Закрыто], пятница:[22:00–04:00], суббота:[22:00–04:00], воскресенье:[Закрыто], понедельник:[Закрыто], вторник:[Закрыто]",https://streetviewpixels-pa.googleapis.com/v1/thumbnail?panoid=3pSisDhWin1Yfv_kMyeB8w&cb_client=search.gws-prod.gps&w=80&h=92&yaw=30.448189&pitch=0&thumbfov=100,12851340234257202383,ChIJtz_Z3JcFdkgRz_yVjtohWbI,/g/11h7q71nsx,9C3XGW78+CV,https://www.google.com/search?kgmid=/g/11h7q71nsx,info@beatz.london,"{""twitter"":""https://www.twitter.com/beatzlondon"",""facebook"":""https://www.facebook.com/raised-in-the-90s-409983426455003/"",""instagram"":""https://www.instagram.com/raisedinthe90s__/""}",https://www.facebook.com/raised-in-the-90s-409983426455003/,https://www.instagram.com/raisedinthe90s__/,https://www.twitter.com/beatzlondon,
Kadies Members Club,"142 Long Acre, London WC2E 9AA, Великобритания",142 Long Acre,London,"Коктейль-бар,Клуб по интересам",+44 20 7993 6941,"020 7993 6941, +44 20 7993 6941",YES,91,3.9,https://search.google.com/local/reviews?placeid=ChIJYUtngdYEdkgRjhX7A4eZtOY&q=London+night+club&authuser=0&hl=ru&gl=FR,https://www.google.com/maps?cid=16624080929697764750,51.5120912,-0.1266387,http://www.kadiesclub.com/,kadiesclub.com,"среда:[21:00–04:00], четверг:[21:00–04:00], пятница:[21:00–04:00], суббота:[21:00–04:00], воскресенье:[21:00–04:00], понедельник:[21:00–04:00], вторник:[21:00–04:00]",https://lh5.googleusercontent.com/p/AF1QipMQs4fWKBWFUmSl2lPZ9P-BTybNTaBOLLCNNpM5=w138-h92-k-no,16624080929697764750,ChIJYUtngdYEdkgRjhX7A4eZtOY,/g/11hbbpdyr9,9C3XGV6F+R8,https://www.google.com/search?kgmid=/g/11hbbpdyr9,"reservations@kadiesclub.com,info@saikoihibachi.com","{""instagram"":""https://www.instagram.com/kadiesclub/?hl=en"",""linkedin"":""https://www.linkedin.com/company/kadies-club/?originalsubdomain=uk""}",,https://www.instagram.com/kadiesclub/?hl=en,,
White Heat Club,"The Lexington, 96-98 Pentonville Rd, London N1 9JB, Великобритания",The Lexington,96-98 Pentonville Rd,Ночной клуб,+44 20 7837 5371,"020 7837 5371, +44 20 7837 5371",YES,18,3.9,https://search.google.com/local/reviews?placeid=ChIJ42984UMbdkgRLMvQ5JVM_bs&q=London+night+club&authuser=0&hl=ru&gl=FR,https://www.google.com/maps?cid=13546067460873046828,51.531729899999995,-0.1114164,https://www.whiteheatmayfair.com/,whiteheatmayfair.com,"среда:[Закрыто], четверг:[Закрыто], пятница:[23:00–04:00], суббота:[Закрыто], воскресенье:[Закрыто], понедельник:[Закрыто], вторник:[Закрыто]",https://lh5.googleusercontent.com/p/AF1QipM8bvaSlj_FcT5rcDeIKvIbnUuQBjjBeu4SCJ0m=w106-h92-k-no,13546067460873046828,ChIJ42984UMbdkgRLMvQ5JVM_bs,/g/11bzs_vp28,9C3XGVJQ+MC,https://www.google.com/search?kgmid=/g/11bzs_vp28,"matty@whiteheatmayfair.com,marcus@whiteheatmayfair.com","{""yelp"":""https://www.yelp.com/biz/the-lexington-london"",""facebook"":""https://www.facebook.com/whiteheatclub/"",""youtube"":""https://www.youtube.com/user/whiteheatmayfair""}",https://www.facebook.com/whiteheatclub/,,,https://www.yelp.com/biz/the-lexington-london
Soho Residence,"83 - 85 Wardour St, London W1D 6QE, Великобритания",83 - 85 Wardour St,London,"Ночной клуб,Танцевальный клуб,Комната отдыха,Коктейль-бар",+44 20 7434 9413,"020 7434 9413, +44 20 7434 9413",YES,1602,3.9,https://search.google.com/local/reviews?placeid=ChIJE51ihBoFdkgRIOGV0lzzkpI&q=London+night+club&authuser=0&hl=ru&gl=FR,https://www.google.com/maps?cid=10561771656132813088,51.512493,-0.13339009999999998,http://www.sohoresidence.co.uk/,sohoresidence.co.uk,"среда:[16:00–03:00], четверг:[16:00–03:00], пятница:[14:00–03:00], суббота:[14:00–03:00], воскресенье:[16:00–22:30], понедельник:[16:00–03:00], вторник:[16:00–03:00]",https://lh5.googleusercontent.com/p/AF1QipMsxzKDHrx4mvvvqjwGJh22I0v2ZEaVGAczVHh0=w137-h92-k-no,10561771656132813088,ChIJE51ihBoFdkgRIOGV0lzzkpI,/g/1tzlyfkx,9C3XGV68+XJ,https://www.google.com/search?kgmid=/g/1tzlyfkx,"info@sohoresidence.co.uk,admin@sohobars.com","{""twitter"":""https://twitter.com/sohoresidenceuk/"",""facebook"":""https://www.facebook.com/sohoresidenceuk/"",""instagram"":""https://www.instagram.com/sohoresidenceuk/""}",https://www.facebook.com/sohoresidenceuk/,https://www.instagram.com/sohoresidenceuk/,https://twitter.com/sohoresidenceuk/,
Jak's Club,"43 S Molton St, London W1K 5RS, Великобритания",43 S Molton St,London,Ночной клуб,+44 330 088 2203,"0330 088 2203, +44 330 088 2203",YES,5,4.2,https://search.google.com/local/reviews?placeid=ChIJsRvVpw8FdkgRolrbXYTYJN4&q=London+night+club&authuser=0&hl=ru&gl=FR,https://www.google.com/maps?cid=16007157038603524770,51.514042599999996,-0.1483401,https://jakslondon.com/jaks-mayfair,jakslondon.com,"среда:[08:00–01:00], четверг:[08:00–01:00], пятница:[08:00–03:00], суббота:[08:00–03:00], воскресенье:[08:00–01:00], понедельник:[08:00–01:00], вторник:[08:00–01:00]",https://lh5.googleusercontent.com/p/AF1QipNtHYijD1Iy4jns1l1IMGinmGLv4jkJgG3_7ts9=w138-h92-k-no,16007157038603524770,ChIJsRvVpw8FdkgRolrbXYTYJN4,/g/11j_5q1l03,9C3XGV72+JM,https://www.google.com/search?kgmid=/g/11j_5q1l03,"mail@jaksmayfair.com,info@saikoihibachi.com","{""instagram"":""https://www.instagram.com/jaksmayfair/"",""facebook"":""https://www.facebook.com/jaksmayfair/"",""twitter"":""https://www.twitter.com/jaksmayfair"",""yelp"":""https://www.yelp.com/biz/jaks-mayfair-london""}",https://www.facebook.com/jaksmayfair/,https://www.instagram.com/jaksmayfair/,https://www.twitter.com/jaksmayfair,https://www.yelp.com/biz/jaks-mayfair-london
The Box,"11-12 Walker's Ct, London W1F 0SD, Великобритания",11-12 Walker's Ct,London,"Ночной клуб,Театр",+44 20 7434 4374,"020 7434 4374, +44 20 7434 4374",NO,308,3.4,https://search.google.com/local/reviews?placeid=ChIJQwg8d9MEdkgR4p34WQTyRcM&q=London+night+club&authuser=0&hl=ru&gl=FR,https://www.google.com/maps?cid=14070918711292239330,51.5125974,-0.1340269,http://www.theboxsoho.com/,theboxsoho.com,"среда:[23:00–04:00], четверг:[23:00–04:00], пятница:[23:00–04:00], суббота:[23:00–04:00], воскресенье:[Закрыто], понедельник:[Закрыто], вторник:[Закрыто]",https://lh5.googleusercontent.com/p/AF1QipPy0BaLaSzN059ZQPLDlscSC9lkaFnOD4K8psCx=w80-h106-k-no,14070918711292239330,ChIJQwg8d9MEdkgR4p34WQTyRcM,/m/0gkz1gm,9C3XGV78+29,https://www.google.com/search?kgmid=/m/0gkz1gm,"info@theboxsoho.com,andrew@theboxsoho.com,madam@theboxsoho.com","{""facebook"":""https://facebook.com/1483825491878699"",""instagram"":""https://www.instagram.com/boxsoho/?hl=en"",""yelp"":""https://www.yelp.com/biz/the-box-london""}",https://facebook.com/1483825491878699,https://www.instagram.com/boxsoho/?hl=en,,https://www.yelp.com/biz/the-box-london
The Hatch Club,"23 Lewisham Way, London SE14 6PP, Великобритания",23 Lewisham Way,London,"Ночной клуб,Коктейль-бар,Организация праздников и мероприятий,Место проведения мероприятий,Центр переговоров и мероприятий,Бар с живой музыкой,Комната отдыха,Организатор праздников",+44 20 8692 9854,"020 8692 9854, +44 20 8692 9854",YES,70,3.9,https://search.google.com/local/reviews?placeid=ChIJSZBggVwDdkgRxv-VNqFHHvc&q=London+night+club&authuser=0&hl=ru&gl=FR,https://www.google.com/maps?cid=17806748734400626630,51.4752459,-0.035174,http://thehatchclub.co.uk/,thehatchclub.co.uk,"среда:[Закрыто], четверг:[Закрыто], пятница:[22:00–04:00], суббота:[22:00–04:00], воскресенье:[Закрыто], понедельник:[Закрыто], вторник:[Закрыто]",https://lh5.googleusercontent.com/p/AF1QipP2lCuZzxbSAYZRtW9jiBOE5UDZax3nyrzbqOn7=w92-h92-k-no,17806748734400626630,ChIJSZBggVwDdkgRxv-VNqFHHvc,/g/11h619p3ht,9C3XFXG7+3W,https://www.google.com/search?kgmid=/g/11h619p3ht,"info@thehatchclub.co.uk,info@saikoihibachi.com","{""facebook"":""https://www.facebook.com/suzette.thompson.127/posts/846781414190161"",""instagram"":""https://www.instagram.com/hatchclub/""}",https://www.facebook.com/suzette.thompson.127/posts/846781414190161,https://www.instagram.com/hatchclub/,,
"Club252 Bar & Night club, Triangle","252 High St, London NW10 4TD, Великобритания",252 High St,London,"Ночной клуб,Коктейль-бар,Ресторан",+44 7400 513024,"07400 513024, +44 7400 513024",YES,36,3.9,https://search.google.com/local/reviews?placeid=ChIJtXNHK8oRdkgRIgejpRiL6bs&q=London+night+club&authuser=0&hl=ru&gl=FR,https://www.google.com/maps?cid=13540506692640507682,51.532941699999995,-0.2402877,,,"среда:[Закрыто], четверг:[Закрыто], пятница:[22:00–04:00], суббота:[22:00–04:00], воскресенье:[Закрыто], понедельник:[22:00–02:00], вторник:[Закрыто]",https://lh5.googleusercontent.com/p/AF1QipOJRGBKVDhoWCJoI8hOvm8GSceZO_bybKJi1poy=w138-h92-k-no,13540506692640507682,ChIJtXNHK8oRdkgRIgejpRiL6bs,/g/1td_4ns0,9C3XGQM5+5V,https://www.google.com/search?kgmid=/g/1td_4ns0,,,,,,
The Glove That Fits,"179 Morning Ln, London E9 6LH, Великобритания",179 Morning Ln,London,"Ночной клуб,Бар,Бар с живой музыкой",owfkZ5m9GvWakdUP97nj6Q8,,YES,183,4.7,https://search.google.com/local/reviews?placeid=ChIJ36mWTv0cdkgRTqfWXGRHqbM&q=London+night+club&authuser=0&hl=ru&gl=FR,https://www.google.com/maps?cid=12945957100233074510,51.546940299999996,-0.0479592,https://theglovethatfits.co/,theglovethatfits.co,"среда:[Закрыто], четверг:[17:00–22:00], пятница:[17:00–01:30], суббота:[12:00–01:30], воскресенье:[12:00–00:30], понедельник:[Закрыто], вторник:[Закрыто]",https://lh5.googleusercontent.com/p/AF1QipPS51z7O8ezop2siqa7LuFgR4J5e-Cxs78AULqq=w92-h92-k-no,12945957100233074510,ChIJ36mWTv0cdkgRTqfWXGRHqbM,/g/11gg5r9b3z,9C3XGXW2+QR,https://www.google.com/search?kgmid=/g/11gg5r9b3z,Bookings@theglovethatfits.co,"{""instagram"":""https://www.instagram.com/theglovethatfits/"",""facebook"":""https://www.facebook.com/glovethatfits/""}",https://www.facebook.com/glovethatfits/,https://www.instagram.com/theglovethatfits/,,
Gaslight Club,"4 Duke of York St, London SW1Y 6LA, Великобритания",4 Duke of York St,London,"Ночной клуб,Танцевальный клуб,Клуб для взрослых",+44 20 7930 3095,"020 7930 3095, +44 20 7930 3095",YES,33,3,https://search.google.com/local/reviews?placeid=ChIJWdK_w9YEdkgR9r1cmZ3XwWI&q=London+night+club&authuser=0&hl=ru&gl=FR,https://www.google.com/maps?cid=7116205958104923638,51.508135499999995,-0.1362659,http://www.gaslightclub.co.uk/,gaslightclub.co.uk,"среда:[21:00–03:30], четверг:[21:00–03:30], пятница:[21:00–03:30], суббота:[21:00–03:30], воскресенье:[Закрыто], понедельник:[21:00–03:30], вторник:[21:00–03:30]",https://lh5.googleusercontent.com/p/AF1QipNQABd1zCRd-_GjT1_CC4jmKyF4va4YXOHI8eAT=w138-h92-k-no,7116205958104923638,ChIJWdK_w9YEdkgR9r1cmZ3XwWI,/g/1tglyg58,9C3XGV57+7F,https://www.google.com/search?kgmid=/g/1tglyg58,"info@gaslightclub.co.uk,info@www.gaslightclub.co.uk","{""yelp"":""https://www.yelp.com/biz/new-gaslight-club-london"",""facebook"":""https://www.facebook.com/gaslightstjames/?rf=318054924872044"",""twitter"":""https://twitter.com/gaslightstjames"",""instagram"":""https://www.instagram.com/gaslightstjames/""}",https://www.facebook.com/gaslightstjames/?rf=318054924872044,https://www.instagram.com/gaslightstjames/,https://twitter.com/gaslightstjames,https://www.yelp.com/biz/new-gaslight-club-london
The Chunnel Club,"101 Tinworth St, London SE11 5AL, Великобритания",101 Tinworth St,London,Ночной клуб,+44 7796 774779,"07796 774779, +44 7796 774779",NO,5,4.6,https://search.google.com/local/reviews?placeid=ChIJWTzdiFUFdkgRGxUghKVICJA&q=London+night+club&authuser=0&hl=ru&gl=FR,https://www.google.com/maps?cid=10378625216998806811,51.4896794,-0.1217939,,,,https://streetviewpixels-pa.googleapis.com/v1/thumbnail?panoid=y7_J0fPy2zcg3a5CtHBQZQ&cb_client=search.gws-prod.gps&w=80&h=92&yaw=161.68118&pitch=0&thumbfov=100,10378625216998806811,ChIJWTzdiFUFdkgRGxUghKVICJA,/g/11p_5_z2ll,9C3XFVQH+V7,https://www.google.com/search?kgmid=/g/11p_5_z2ll,,"{""yelp"":""https://www.yelp.com/biz/hidden-london""}",,,,https://www.yelp.com/biz/hidden-london
MOTH Club,"Valette St, London E9 6NU, Великобритания",Valette St,London,"Бар с живой музыкой,Клуб",+44 20 8985 7963,"020 8985 7963, +44 20 8985 7963",YES,971,4.5,https://search.google.com/local/reviews?placeid=ChIJ0yYfxOQcdkgRdfZT_zBt1cA&q=London+night+club&authuser=0&hl=ru&gl=FR,https://www.google.com/maps?cid=13895132282531083893,51.5457494,-0.0545996,http://www.mothclub.co.uk/,mothclub.co.uk,"среда:[19:00–00:00], четверг:[19:00–00:00], пятница:[19:00–03:00], суббота:[19:00–03:00], воскресенье:[19:00–00:00], понедельник:[19:00–00:00], вторник:[19:00–00:00]",https://lh5.googleusercontent.com/p/AF1QipN9sFnd_IcNZjC59m_hHSmbsl7UMdS--mYLkJde=w122-h92-k-no,13895132282531083893,ChIJ0yYfxOQcdkgRdfZT_zBt1cA,/g/11c3pwm6t9,9C3XGWWW+75,https://www.google.com/search?kgmid=/g/11c3pwm6t9,info@saikoihibachi.com,,,,,
Zodiac Bar and Club,"119 Hampstead Rd, London NW1 3EE, Великобритания",119 Hampstead Rd,London,"Ночной клуб,Банкетный зал,Организация праздников и мероприятий,Место проведения мероприятий,Гей-бар,Паб",+44 20 7126 8230,"020 7126 8230, +44 20 7126 8230",YES,266,4.6,https://search.google.com/local/reviews?placeid=ChIJWYPhVhAbdkgRMDLuHEJSbmk&q=London+night+club&authuser=0&hl=ru&gl=FR,https://www.google.com/maps?cid=7597100065327297072,51.528090399999996,-0.138876,https://www.zodiacbar.co.uk/,zodiacbar.co.uk,"среда:[18:30–01:00], четверг:[18:30–02:00], пятница:[18:30–02:00], суббота:[18:30–02:00], воскресенье:[18:30–00:00], понедельник:[Закрыто], вторник:[18:30–01:00]",https://lh5.googleusercontent.com/p/AF1QipPOSeBk0BujBvVv4_mo4kR30h7D_ZlIcsqRoG5w=w141-h92-k-no,7597100065327297072,ChIJWYPhVhAbdkgRMDLuHEJSbmk,/g/11rsxyh361,9C3XGVH6+6C,https://www.google.com/search?kgmid=/g/11rsxyh361,"info@zodiacbar.co.uk,info@saikoihibachi.com","{""tiktok"":""https://www.tiktok.com/@zodiacbarlondon"",""twitter"":""https://x.com/yellbusiness"",""facebook"":""https://www.facebook.com/yellbusiness"",""instagram"":""https://www.instagram.com/yellbusiness/"",""linkedin"":""https://www.linkedin.com/company/yell"",""youtube"":""https://www.youtube.com/user/yellbusiness""}",https://www.facebook.com/yellbusiness,https://www.instagram.com/yellbusiness/,https://x.com/yellbusiness,
Bethnal Green Working Men's Club,"42-46 Pollard Row, London E2 6NB, Великобритания",42-46 Pollard Row,London,"Ночной клуб,Бар,Кабаре,Место проведения мероприятий,Концертная площадка",+44 20 7739 7170,"020 7739 7170, +44 20 7739 7170",YES,292,4.3,https://search.google.com/local/reviews?placeid=ChIJ02AAtsUcdkgRgThyeigovw0&q=London+night+club&authuser=0&hl=ru&gl=FR,https://www.google.com/maps?cid=990554597362907265,51.5280761,-0.0638267,http://www.workersplaytime.net/,workersplaytime.net,"среда:[19:30–23:30], четверг:[20:00–01:00], пятница:[20:00–02:00], суббота:[20:00–02:00], воскресенье:[Закрыто], понедельник:[Закрыто], вторник:[Закрыто]",https://lh5.googleusercontent.com/p/AF1QipMo09GmPhOnzgOVvoMAeeobhpoXd2FM9Q5joHIq=w122-h92-k-no,990554597362907265,ChIJ02AAtsUcdkgRgThyeigovw0,/m/0kx7mn1,9C3XGWHP+6F,https://www.google.com/search?kgmid=/m/0kx7mn1,"info@workersplaytime.net,events@workersplaytime.net","{""twitter"":""https://www.twitter.com/bgwmc/"",""instagram"":""https://www.instagram.com/savebgwmc/"",""facebook"":""https://www.facebook.com/bgwmc"",""yelp"":""https://www.yelp.com/biz/bethnal-green-working-mens-club-london-3?start=20""}",https://www.facebook.com/bgwmc,https://www.instagram.com/savebgwmc/,https://www.twitter.com/bgwmc/,https://www.yelp.com/biz/bethnal-green-working-mens-club-london-3?start=20
Sway Bar,"61-65 Great Queen St, London WC2B 5BZ, Великобритания",61-65 Great Queen St,London,"Бар,Паб,Ресторан",+44 20 7404 6114,"020 7404 6114, +44 20 7404 6114",YES,2170,3.8,https://search.google.com/local/reviews?placeid=ChIJd6Wa2DQbdkgR1kza4rSNkUk&q=London+night+club&authuser=0&hl=ru&gl=FR,https://www.google.com/maps?cid=5301174044431371478,51.5157221,-0.12035689999999999,https://www.swaybar.co.uk/,swaybar.co.uk,"среда:[12:00–23:00], четверг:[12:00–23:00], пятница:[12:00–03:00], суббота:[12:00–03:00], воскресенье:[Закрыто], понедельник:[Закрыто], вторник:[12:00–23:00]",https://lh5.googleusercontent.com/p/AF1QipOJWxDwfzwyzUVFR553A87DeSb6aOA0ilIEbxXY=w122-h92-k-no,5301174044431371478,ChIJd6Wa2DQbdkgR1kza4rSNkUk,/g/1tm87xsj,9C3XGV8H+7V,https://www.google.com/search?kgmid=/g/1tm87xsj,"info@swaybar.co.uk,hello@mixr.co.uk,customer.feedback@stonegatepubs.com,info@houseofburlesque.co.uk","{""facebook"":""https://www.facebook.com/swaybarlondon/"",""instagram"":""https://www.instagram.com/swaybarlondon""}",https://www.facebook.com/swaybarlondon/,https://www.instagram.com/swaybarlondon,,
London Party Pub Crawl,"1 Piccadilly Circus, London W1J 0DA, Великобритания",1 Piccadilly Circus,London,"Туроператор,Ночной клуб,Организатор праздников",+44 20 7096 0371,"020 7096 0371, +44 20 7096 0371",YES,1324,4.9,https://search.google.com/local/reviews?placeid=ChIJN3rHXEeOcUgRa0BvetN-ImE&q=London+night+club&authuser=0&hl=ru&gl=FR,https://www.google.com/maps?cid=6999296217644482667,51.510197399999996,-0.13411299999999998,http://www.londonpartypubcrawl.com/,londonpartypubcrawl.com,"среда:[19:30–03:00], четверг:[19:30–03:00], пятница:[19:30–03:00], суббота:[19:30–03:00], воскресенье:[19:30–03:00], понедельник:[19:30–03:00], вторник:[19:30–03:00]",https://lh5.googleusercontent.com/p/AF1QipNxM8-bw-Th-MAsCDq4V9eeLL4vwJhcOSnjvcH_=w138-h92-k-no,6999296217644482667,ChIJN3rHXEeOcUgRa0BvetN-ImE,/g/11b5wp5y8l,9C3XGV68+39,https://www.google.com/search?kgmid=/g/11b5wp5y8l,"mail@londonpartypubcrawl.com,hello@londonpartypubcrawl.com","{""instagram"":""https://www.instagram.com/p/dhntqtitqhd/"",""facebook"":""https://www.facebook.com/londonpartypubcrawl/"",""tiktok"":""https://www.tiktok.com/@londonpartypubcrawl"",""yelp"":""https://www.yelp.com/biz/london-pub-crawl-london-2""}",https://www.facebook.com/londonpartypubcrawl/,https://www.instagram.com/p/dhntqtitqhd/,,https://www.yelp.com/biz/london-pub-crawl-london-2
The Lower Third,"26 Denmark St, London WC2H 8NJ, Великобритания",26 Denmark St,London,"Коктейль-бар,Концертная площадка",+44 20 3656 1170,"020 3656 1170, +44 20 3656 1170",YES,268,4.3,https://search.google.com/local/reviews?placeid=ChIJxUg2zjIbdkgRSzeddOwSPL0&q=London+night+club&authuser=0&hl=ru&gl=FR,https://www.google.com/maps?cid=13635794578549061451,51.5154881,-0.12914889999999998,https://www.thelowerthird.co.uk/,thelowerthird.co.uk,"среда:[17:30–00:00], четверг:[17:30–01:00], пятница:[17:30–01:30], суббота:[17:30–01:30], воскресенье:[Закрыто], понедельник:[Закрыто], вторник:[17:30–00:00]",https://lh5.googleusercontent.com/p/AF1QipNpnA9tF6uoZkequmqIBg68x4PoxJgGmGJ_Gcu5=w138-h92-k-no,13635794578549061451,ChIJxUg2zjIbdkgRSzeddOwSPL0,/g/11td4jqg3m,9C3XGV8C+58,https://www.google.com/search?kgmid=/g/11td4jqg3m,"privacy@outernetglobal.com,retropxssy@gmail.com","{""instagram"":""https://www.instagram.com/lowerthirdsoho/"",""tiktok"":""https://www.tiktok.com/@lowerthirdsoho?lang=en""}",,https://www.instagram.com/lowerthirdsoho/,,
Venue MOT Unit 18,"Orion Business Centre, Surrey Canal Rd, London SE14 5RT, Великобритания",Orion Business Centre,Surrey Canal Rd,Ночной клуб,owfkZ5m9GvWakdUP97nj6Q8,,NO,148,4.1,https://search.google.com/local/reviews?placeid=ChIJ8WVWQYIDdkgR_aA80sqg4Z4&q=London+night+club&authuser=0&hl=ru&gl=FR,https://www.google.com/maps?cid=11448608520723538173,51.4849853,-0.0484046,https://www.facebook.com/venueM.O.T/,facebook.com,"среда:[Закрыто], четверг:[19:00–01:00], пятница:[Закрыто], суббота:[14:00–07:00], воскресенье:[Закрыто], понедельник:[19:00–23:00], вторник:[Закрыто]",https://lh5.googleusercontent.com/p/AF1QipPQtVIX1XGtixEzQPx_V-QBBfsGEKyegurtOuLq=w122-h92-k-no,11448608520723538173,ChIJ8WVWQYIDdkgR_aA80sqg4Z4,/g/11h3bgpk2h,9C3XFXM2+XJ,https://www.google.com/search?kgmid=/g/11h3bgpk2h,,"{""facebook"":""https://www.facebook.com/interstellardisco/posts/395319699678192""}",https://www.facebook.com/interstellardisco/posts/395319699678192,,,
N1 Bar - London Bridge,"1 Duke St Hill, London SE1 2SW, Великобритания",1 Duke St Hill,London,"Ночной клуб,Бар,Пивной сад,Коктейль-бар,Танцевальный клуб,Фастфуд,Спорт-бар,Бильярдный клуб",+44 7584 177715,"07584 177715, +44 7584 177715",YES,1279,3.5,https://search.google.com/local/reviews?placeid=ChIJFRrrxlADdkgRwc6JoZBMWus&q=London+night+club&authuser=0&hl=ru&gl=FR,https://www.google.com/maps?cid=16958951530886188737,51.506074899999994,-0.0870142,http://www.n1bar.com/,n1bar.com,"среда:[00:00–03:00], четверг:[00:00–03:00], пятница:[00:00–06:00], суббота:[00:00–06:00], воскресенье:[00:00–06:00], понедельник:[00:00–03:00], вторник:[00:00–03:00]",https://lh5.googleusercontent.com/p/AF1QipMdanOk89_WV36CtAzkcibMa4wm-cBcAVBYfIba=w122-h92-k-no,16958951530886188737,ChIJFRrrxlADdkgRwc6JoZBMWus,/g/1tgyw5b8,9C3XGW47+C5,https://www.google.com/search?kgmid=/g/1tgyw5b8,info@saikoihibachi.com,"{""facebook"":""https://www.facebook.com/n1bar.ltd/"",""twitter"":""https://twitter.com/number1baruk"",""instagram"":""https://www.instagram.com/n1barlondonbridge"",""youtube"":""https://www.youtube.com/user/n1baruk""}",https://www.facebook.com/n1bar.ltd/,https://www.instagram.com/n1barlondonbridge,https://twitter.com/number1baruk,
Metric,"Beit Quadrangle, Prince Consort Rd, London SW7 2BB, Великобритания",Beit Quadrangle,Prince Consort Rd,Диско-клуб,owfkZ5m9GvWakdUP97nj6Q8,,NO,54,3.6,https://search.google.com/local/reviews?placeid=ChIJNWxLDVsFdkgRKbDjoO2va7k&q=London+night+club&authuser=0&hl=ru&gl=FR,https://www.google.com/maps?cid=13360966154666094633,51.500403899999995,-0.178255,https://www.imperialcollegeunion.org/food-drink/metric,imperialcollegeunion.org,"среда:[19:00–01:00], четверг:[Закрыто], пятница:[20:00–02:00], суббота:[Закрыто], воскресенье:[Закрыто], понедельник:[Закрыто], вторник:[Закрыто]",https://lh5.googleusercontent.com/p/AF1QipPqSPHeDRoJg45IkGVdWH7OunDZQgo60oaq3wAc=w122-h92-k-no,13360966154666094633,ChIJNWxLDVsFdkgRKbDjoO2va7k,/g/12645kf_z,9C3XGR2C+5M,https://www.google.com/search?kgmid=/g/12645kf_z,"union@imperial.ac.uk,union.president@imperial.ac.uk,dpcs@imperial.ac.uk,dpe@imperial.ac.uk,dpfs@imperial.ac.uk,dpwelfare@imperial.ac.uk,Helpdeskunion@imperial.ac.uk,Centreadvice@imperial.ac.uk,advice@imperial.ac.uk,toFinanceicu.finance@imperial.ac.uk,icu.finance@imperial.ac.uk","{""facebook"":""https://www.facebook.com/imperialcollegeunion"",""instagram"":""https://www.instagram.com/icunion/"",""twitter"":""https://twitter.com/icunion"",""linkedin"":""https://www.linkedin.com/company/imperial-college-union"",""youtube"":""https://www.youtube.com/channel/ucdbftdmxa8c-uqhab8fsw5w""}",https://www.facebook.com/imperialcollegeunion,https://www.instagram.com/icunion/,https://twitter.com/icunion,
Vortex,"11 Gillett Square, London N16 8AZ, Великобритания",11 Gillett Square,London,Джаз-клуб,+44 20 3337 0993,"020 3337 0993, +44 20 3337 0993",YES,619,4.6,https://search.google.com/local/reviews?placeid=ChIJcSGGeI4cdkgRuUxzd-zod_o&q=London+night+club&authuser=0&hl=ru&gl=FR,https://www.google.com/maps?cid=18048150134024522937,51.5488473,-0.0766511,http://www.vortexjazz.co.uk/,vortexjazz.co.uk,"среда:[19:45–23:00], четверг:[19:45–23:00], пятница:[19:45–23:00], суббота:[19:45–23:00], воскресенье:[15:00–23:00], понедельник:[Закрыто], вторник:[19:45–23:00]",https://lh5.googleusercontent.com/p/AF1QipO4P4NHS1nz89WRgCghkslEO0GQ4bciISMSyXae=w122-h92-k-no,18048150134024522937,ChIJcSGGeI4cdkgRuUxzd-zod_o,/m/08qcjw,9C3XGWXF+G8,https://www.google.com/search?kgmid=/m/08qcjw,"info@vortexjazz.co.uk,pauline@vortexjazz.co.uk","{""facebook"":""https://www.facebook.com/thevortexdalston?ref=hl"",""twitter"":""https://twitter.com/vortexjazz""}",https://www.facebook.com/thevortexdalston?ref=hl,,https://twitter.com/vortexjazz,
1 Big Night Out London Pub Crawl,"36 Shaftesbury Ave, London W1D 7EP, Великобритания",36 Shaftesbury Ave,London,"Туроператор,Ночной клуб,Организатор праздников",+44 20 7836 9995,"020 7836 9995, +44 20 7836 9995",YES,115,4.6,https://search.google.com/local/reviews?placeid=ChIJ04lHpM0EdkgRN84Slw763p8&q=London+night+club&authuser=0&hl=ru&gl=FR,https://www.google.com/maps?cid=11519919837431385655,51.5111875,-0.1332943,http://www.1bignightout.com/,1bignightout.com,"среда:[19:30–00:00], четверг:[19:30–00:00], пятница:[20:00–00:00], суббота:[20:00–00:00], воскресенье:[19:30–00:00], понедельник:[19:30–00:00], вторник:[19:30–00:00]",https://lh5.googleusercontent.com/p/AF1QipOSl6mVHpzmdqi2OEQ88NNZLEey2UEfwAptnppr=w137-h92-k-no,11519919837431385655,ChIJ04lHpM0EdkgRN84Slw763p8,/g/1hc33f68c,9C3XGV68+FM,https://www.google.com/search?kgmid=/g/1hc33f68c,info@1bignightout.com,"{""facebook"":""https://www.facebook.com/1bnoshoreditch/videos/londons-biggest-pub-crawl/913556768808034/""}",https://www.facebook.com/1bnoshoreditch/videos/londons-biggest-pub-crawl/913556768808034/,,,
London Groove Ltd,"3 Robinson Rd, London SE1 8BU, Великобритания",3 Robinson Rd,London,"Агентство по организации и проведению мероприятий,Организация праздников и мероприятий,Билетная касса,Ночной клуб,Организатор праздников",+44 7432 609499,"07432 609499, +44 7432 609499",YES,3,3.7,https://search.google.com/local/reviews?placeid=ChIJR10jw1IDdkgRodb31ZOtWzQ&q=London+night+club&authuser=0&hl=ru&gl=FR,https://www.google.com/maps?cid=3772799963314509473,51.506766999999996,-0.10407999999999999,,,"среда:[09:00–17:00], четверг:[09:00–17:00], пятница:[09:00–17:00], суббота:[09:00–17:00], воскресенье:[09:00–17:00], понедельник:[09:00–17:00], вторник:[09:00–17:00]",https://lh5.googleusercontent.com/p/AF1QipO2_L221u79X5Pogy6mWouUKwnnAwnCA1XLb9j4=w138-h92-k-no,3772799963314509473,ChIJR10jw1IDdkgRodb31ZOtWzQ,/g/1tg6v51h,9C3XGV4W+P9,https://www.google.com/search?kgmid=/g/1tg6v51h,,"{""facebook"":""https://www.facebook.com/londongroove/""}",https://www.facebook.com/londongroove/,,,
Ku Bar,"30 Lisle St, London WC2H 7BA, Великобритания",30 Lisle St,London,"Гей-бар,Бар,Гей- и лесби-клуб,Ресторан",+44 20 7437 4303,"020 7437 4303, +44 20 7437 4303",YES,827,4.1,https://search.google.com/local/reviews?placeid=ChIJvaIzZdIEdkgRWAsb_Odi14U&q=London+night+club&authuser=0&hl=ru&gl=FR,https://www.google.com/maps?cid=9644285875543804760,51.511786199999996,-0.1296629,http://www.ku-bar.co.uk/,ku-bar.co.uk,"среда:[13:00–03:00], четверг:[13:00–03:00], пятница:[13:00–03:00], суббота:[12:00–03:00], воскресенье:[12:00–00:00], понедельник:[13:00–03:00], вторник:[13:00–03:00]",https://lh5.googleusercontent.com/p/AF1QipMuGx2VVXo-M8lyr_Io3aWvXqFZXBa65O8H6_xn=w122-h92-k-no,9644285875543804760,ChIJvaIzZdIEdkgRWAsb_Odi14U,/g/1hc1p0jd5,9C3XGV6C+P4,https://www.google.com/search?kgmid=/g/1hc1p0jd5,info@ku-bar.co.uk,"{""instagram"":""https://www.instagram.com/kubarlondon"",""yelp"":""https://www.yelp.com/biz/ku-bar-london?start=50"",""facebook"":""https://www.facebook.com/kubarlondon/"",""twitter"":""https://twitter.com/kubar""}",https://www.facebook.com/kubarlondon/,https://www.instagram.com/kubarlondon,https://twitter.com/kubar,https://www.yelp.com/biz/ku-bar-london?start=50
Ain't Nothin But The Blues Bar,"20 Kingly St, Carnaby, London W1B 5PZ, Великобритания",20 Kingly St,"Carnaby, London","Ночной клуб,Бар,Блюз-клуб,Паб,Винный бар",+44 20 7287 0514,"020 7287 0514, +44 20 7287 0514",YES,3684,4.6,https://search.google.com/local/reviews?placeid=ChIJKUAlc9UEdkgRpcnPFkg3hS0&q=London+night+club&authuser=0&hl=ru&gl=FR,https://www.google.com/maps?cid=3280088686369163685,51.512974199999995,-0.13961469999999998,https://www.aintnothinbut.co.uk/,aintnothinbut.co.uk,"среда:[13:00–01:00], четверг:[13:00–01:00], пятница:[13:00–02:00], суббота:[13:00–02:00], воскресенье:[13:00–23:30], понедельник:[17:00–01:00], вторник:[17:00–01:00]",https://lh5.googleusercontent.com/p/AF1QipNGjeH0lHxmXvq24RC8WoixOo-NqqNcoKIXqnuW=w122-h92-k-no,3280088686369163685,ChIJKUAlc9UEdkgRpcnPFkg3hS0,/m/0k2sk3l,9C3XGV76+55,https://www.google.com/search?kgmid=/m/0k2sk3l,hello@aintnothinbut.co.uk,"{""facebook"":""https://facebook.com/aintnothinbutblues"",""instagram"":""https://instagram.com/aintnothinbutblues"",""youtube"":""https://www.youtube.com/watch?v=gphyfvxfq2i"",""yelp"":""https://www.yelp.com/biz/aint-nothin-but-london""}",https://facebook.com/aintnothinbutblues,https://instagram.com/aintnothinbutblues,,https://www.yelp.com/biz/aint-nothin-but-london
Luna London,"8-9 Argyll St, London W1F 7TF, Великобритания",8-9 Argyll St,London,"Ночной клуб,Ресторан",+44 20 7734 6066,"020 7734 6066, +44 20 7734 6066",YES,47,3.3,https://search.google.com/local/reviews?placeid=ChIJEzTa4noFdkgRJRvGCACDs2I&q=London+night+club&authuser=0&hl=ru&gl=FR,https://www.google.com/maps?cid=7112172272718584613,51.5145152,-0.1399475,http://incalondon.com/,incalondon.com,"среда:[Закрыто], четверг:[Закрыто], пятница:[23:00–04:00], суббота:[23:00–04:00], воскресенье:[Закрыто], понедельник:[Закрыто], вторник:[Закрыто]",https://lh5.googleusercontent.com/p/AF1QipOyewVyP2JvN-b3SJ3h7Y237FF0unkcbJYFIh8=w80-h120-k-no,7112172272718584613,ChIJEzTa4noFdkgRJRvGCACDs2I,/g/11sr98yhnb,9C3XGV76+R2,https://www.google.com/search?kgmid=/g/11sr98yhnb,"reservations@incalondon.com,dimitri@incalondon.com,Janel@incalondon.com,office@toy-room.com,office@incalondon.com,office@inca-london.com,info@saikoihibachi.com","{""linkedin"":""https://www.linkedin.com/company/inca-restaurant"",""instagram"":""https://www.instagram.com/incalondon/"",""tiktok"":""https://www.tiktok.com/@incalondon""}",,https://www.instagram.com/incalondon/,,